"GHO","PUBLISHSTATE","YEAR","REGION","COUNTRY","Display Value","Numeric","Low","High","Comments"
"IR_ORGANOPHOSPHATE_EXTENT","PUBLISHED","2001","SEAR","BGD","0","0.00000","","",""
"IR_ORGANOPHOSPHATE_EXTENT","PUBLISHED","2008","WPR","CHN","0","0.00000","","",""
"IR_ORGANOPHOSPHATE_EXTENT","PUBLISHED","2011","AMR","COL","0","0.00000","","",""
"IR_ORGANOPHOSPHATE_EXTENT","PUBLISHED","2011","EMR","DJI","0","0.00000","","",""
"IR_ORGANOPHOSPHATE_EXTENT","PUBLISHED","2009","AFR","ERI","0","0.00000","","",""
"IR_ORGANOPHOSPHATE_EXTENT","PUBLISHED","2007","AFR","GHA","0","0.00000","","",""
"IR_ORGANOPHOSPHATE_EXTENT","PUBLISHED","2010","AFR","GHA","0","0.00000","","",""
"IR_ORGANOPHOSPHATE_EXTENT","PUBLISHED","2011","SEAR","IDN","0","0.00000","","",""
"IR_ORGANOPHOSPHATE_EXTENT","PUBLISHED","2009","AFR","KEN","0","0.00000","","",""
"IR_ORGANOPHOSPHATE_EXTENT","PUBLISHED","2008","AFR","MDG","0","0.00000","","",""
"IR_ORGANOPHOSPHATE_EXTENT","PUBLISHED","2013","AFR","MDG","0","0.00000","","",""
"IR_ORGANOPHOSPHATE_EXTENT","PUBLISHED","2012","AFR","MWI","0","0.00000","","",""
"IR_ORGANOPHOSPHATE_EXTENT","PUBLISHED","2011","AFR","MOZ","0","0.00000","","",""
"IR_ORGANOPHOSPHATE_EXTENT","PUBLISHED","2013","AFR","NGA","0","0.00000","","",""
"IR_ORGANOPHOSPHATE_EXTENT","PUBLISHED","2009","AMR","PAN","0","0.00000","","",""
"IR_ORGANOPHOSPHATE_EXTENT","PUBLISHED","2006","WPR","PHL","0","0.00000","","",""
"IR_ORGANOPHOSPHATE_EXTENT","PUBLISHED","2011","AFR","SEN","0","0.00000","","",""
"IR_ORGANOPHOSPHATE_EXTENT","PUBLISHED","2007","EUR","TJK","0","0.00000","","",""
"IR_ORGANOPHOSPHATE_EXTENT","PUBLISHED","2011","AFR","TGO","0","0.00000","","",""
"IR_ORGANOPHOSPHATE_EXTENT","PUBLISHED","2013","AFR","TGO","0","0.00000","","",""
"IR_ORGANOPHOSPHATE_EXTENT","PUBLISHED","2011","AFR","TZA","0","0.00000","","",""
"IR_ORGANOPHOSPHATE_EXTENT","PUBLISHED","2013","AFR","ZWE","0","0.00000","","",""
"IR_ORGANOPHOSPHATE_EXTENT","PUBLISHED","2011","AMR","GTM","50","50.00000","","",""
"IR_ORGANOPHOSPHATE_EXTENT","PUBLISHED","2007","SEAR","IND","50","50.00000","","",""
"IR_ORGANOPHOSPHATE_EXTENT","PUBLISHED","2010","SEAR","IND","50","50.00000","","",""
"IR_ORGANOPHOSPHATE_EXTENT","PUBLISHED","2007","EMR","SDN","50","50.00000","","",""
"IR_ORGANOPHOSPHATE_EXTENT","PUBLISHED","2005","SEAR","IND","63","63.00000","","",""
"IR_ORGANOPHOSPHATE_EXTENT","PUBLISHED","2006","SEAR","IND","88","88.00000","","",""
"IR_ORGANOPHOSPHATE_EXTENT","PUBLISHED","2012","AFR","AGO","0","0.00000","","",""
"IR_ORGANOPHOSPHATE_EXTENT","PUBLISHED","2009","AFR","BEN","0","0.00000","","",""
"IR_ORGANOPHOSPHATE_EXTENT","PUBLISHED","2010","AFR","BEN","0","0.00000","","",""
"IR_ORGANOPHOSPHATE_EXTENT","PUBLISHED","2011","AFR","BEN","0","0.00000","","",""
"IR_ORGANOPHOSPHATE_EXTENT","PUBLISHED","2009","AFR","BFA","0","0.00000","","",""
"IR_ORGANOPHOSPHATE_EXTENT","PUBLISHED","2008","AFR","TCD","0","0.00000","","",""
"IR_ORGANOPHOSPHATE_EXTENT","PUBLISHED","2011","AFR","TCD","0","0.00000","","",""
"IR_ORGANOPHOSPHATE_EXTENT","PUBLISHED","2013","AFR","COG","0","0.00000","","",""
"IR_ORGANOPHOSPHATE_EXTENT","PUBLISHED","2013","AFR","ERI","0","0.00000","","",""
"IR_ORGANOPHOSPHATE_EXTENT","PUBLISHED","2004","AFR","GHA","0","0.00000","","",""
"IR_ORGANOPHOSPHATE_EXTENT","PUBLISHED","2007","EMR","IRN","0","0.00000","","",""
"IR_ORGANOPHOSPHATE_EXTENT","PUBLISHED","2008","EMR","IRN","0","0.00000","","",""
"IR_ORGANOPHOSPHATE_EXTENT","PUBLISHED","2010","AFR","KEN","0","0.00000","","",""
"IR_ORGANOPHOSPHATE_EXTENT","PUBLISHED","2012","AFR","MDG","0","0.00000","","",""
"IR_ORGANOPHOSPHATE_EXTENT","PUBLISHED","2009","AFR","MLI","0","0.00000","","",""
"IR_ORGANOPHOSPHATE_EXTENT","PUBLISHED","2013","AFR","MLI","0","0.00000","","",""
"IR_ORGANOPHOSPHATE_EXTENT","PUBLISHED","2001","SEAR","NPL","0","0.00000","","",""
"IR_ORGANOPHOSPHATE_EXTENT","PUBLISHED","2013","AFR","NER","0","0.00000","","",""
"IR_ORGANOPHOSPHATE_EXTENT","PUBLISHED","2012","AFR","RWA","0","0.00000","","",""
"IR_ORGANOPHOSPHATE_EXTENT","PUBLISHED","2013","AFR","RWA","0","0.00000","","",""
"IR_ORGANOPHOSPHATE_EXTENT","PUBLISHED","2010","AFR","SLE","0","0.00000","","",""
"IR_ORGANOPHOSPHATE_EXTENT","PUBLISHED","2011","EMR","SOM","0","0.00000","","",""
"IR_ORGANOPHOSPHATE_EXTENT","PUBLISHED","2012","EMR","SOM","0","0.00000","","",""
"IR_ORGANOPHOSPHATE_EXTENT","PUBLISHED","2009","AFR","UGA","0","0.00000","","",""
"IR_ORGANOPHOSPHATE_EXTENT","PUBLISHED","2009","AFR","ZMB","0","0.00000","","",""
"IR_ORGANOPHOSPHATE_EXTENT","PUBLISHED","2011","AFR","ZMB","0","0.00000","","",""
"IR_ORGANOPHOSPHATE_EXTENT","PUBLISHED","2012","AFR","ZWE","0","0.00000","","",""
"IR_ORGANOPHOSPHATE_EXTENT","PUBLISHED","2012","AFR","MLI","7","7.00000","","",""
"IR_ORGANOPHOSPHATE_EXTENT","PUBLISHED","2013","AFR","BFA","10","10.00000","","",""
"IR_ORGANOPHOSPHATE_EXTENT","PUBLISHED","2005","AMR","COL","25","25.00000","","",""
"IR_ORGANOPHOSPHATE_EXTENT","PUBLISHED","2008","AFR","BFA","33","33.00000","","",""
"IR_ORGANOPHOSPHATE_EXTENT","PUBLISHED","2011","AFR","ETH","33","33.00000","","",""
"IR_ORGANOPHOSPHATE_EXTENT","PUBLISHED","2002","SEAR","LKA","33","33.00000","","",""
"IR_ORGANOPHOSPHATE_EXTENT","PUBLISHED","2008","EMR","SDN","40","40.00000","","",""
"IR_ORGANOPHOSPHATE_EXTENT","PUBLISHED","2000","SEAR","LKA","43","43.00000","","",""
"IR_ORGANOPHOSPHATE_EXTENT","PUBLISHED","2003","SEAR","LKA","50","50.00000","","",""
"IR_ORGANOPHOSPHATE_EXTENT","PUBLISHED","2004","SEAR","LKA","50","50.00000","","",""
"IR_ORGANOPHOSPHATE_EXTENT","PUBLISHED","2010","EMR","SDN","85","85.00000","","",""
"IR_ORGANOPHOSPHATE_EXTENT","PUBLISHED","2011","AFR","CIV","100","100.00000","","",""
"IR_ORGANOPHOSPHATE_EXTENT","PUBLISHED","2013","AFR","AGO","0","0.00000","","",""
"IR_ORGANOPHOSPHATE_EXTENT","PUBLISHED","2000","SEAR","BGD","0","0.00000","","",""
"IR_ORGANOPHOSPHATE_EXTENT","PUBLISHED","2008","AFR","BEN","0","0.00000","","",""
"IR_ORGANOPHOSPHATE_EXTENT","PUBLISHED","2006","AFR","CMR","0","0.00000","","",""
"IR_ORGANOPHOSPHATE_EXTENT","PUBLISHED","2006","AFR","TCD","0","0.00000","","",""
"IR_ORGANOPHOSPHATE_EXTENT","PUBLISHED","2012","AMR","COL","0","0.00000","","",""
"IR_ORGANOPHOSPHATE_EXTENT","PUBLISHED","2008","AFR","GHA","0","0.00000","","",""
"IR_ORGANOPHOSPHATE_EXTENT","PUBLISHED","2009","AFR","GHA","0","0.00000","","",""
"IR_ORGANOPHOSPHATE_EXTENT","PUBLISHED","2001","EMR","IRN","0","0.00000","","",""
"IR_ORGANOPHOSPHATE_EXTENT","PUBLISHED","2009","EMR","IRN","0","0.00000","","",""
"IR_ORGANOPHOSPHATE_EXTENT","PUBLISHED","2010","EMR","IRN","0","0.00000","","",""
"IR_ORGANOPHOSPHATE_EXTENT","PUBLISHED","2004","AFR","KEN","0","0.00000","","",""
"IR_ORGANOPHOSPHATE_EXTENT","PUBLISHED","2006","AFR","MDG","0","0.00000","","",""
"IR_ORGANOPHOSPHATE_EXTENT","PUBLISHED","2009","AFR","MWI","0","0.00000","","",""
"IR_ORGANOPHOSPHATE_EXTENT","PUBLISHED","2010","AFR","MWI","0","0.00000","","",""
"IR_ORGANOPHOSPHATE_EXTENT","PUBLISHED","2011","SEAR","MMR","0","0.00000","","",""
"IR_ORGANOPHOSPHATE_EXTENT","PUBLISHED","2012","SEAR","MMR","0","0.00000","","",""
"IR_ORGANOPHOSPHATE_EXTENT","PUBLISHED","2000","SEAR","NPL","0","0.00000","","",""
"IR_ORGANOPHOSPHATE_EXTENT","PUBLISHED","2007","WPR","PHL","0","0.00000","","",""
"IR_ORGANOPHOSPHATE_EXTENT","PUBLISHED","2002","AFR","SEN","0","0.00000","","",""
"IR_ORGANOPHOSPHATE_EXTENT","PUBLISHED","2012","AFR","SEN","0","0.00000","","",""
"IR_ORGANOPHOSPHATE_EXTENT","PUBLISHED","2005","EMR","SDN","0","0.00000","","",""
"IR_ORGANOPHOSPHATE_EXTENT","PUBLISHED","2009","AFR","TGO","0","0.00000","","",""
"IR_ORGANOPHOSPHATE_EXTENT","PUBLISHED","2012","AFR","TZA","0","0.00000","","",""
"IR_ORGANOPHOSPHATE_EXTENT","PUBLISHED","2001","AFR","ZMB","0","0.00000","","",""
"IR_ORGANOPHOSPHATE_EXTENT","PUBLISHED","2010","AFR","SEN","4","4.00000","","",""
"IR_ORGANOPHOSPHATE_EXTENT","PUBLISHED","2005","AFR","BEN","22","22.00000","","",""
"IR_ORGANOPHOSPHATE_EXTENT","PUBLISHED","2010","AFR","BFA","24","24.00000","","",""
"IR_ORGANOPHOSPHATE_EXTENT","PUBLISHED","2012","AFR","ETH","27","27.00000","","",""
"IR_ORGANOPHOSPHATE_EXTENT","PUBLISHED","2011","EMR","SDN","29","29.00000","","",""
"IR_ORGANOPHOSPHATE_EXTENT","PUBLISHED","2004","SEAR","IND","50","50.00000","","",""
"IR_ORGANOPHOSPHATE_EXTENT","PUBLISHED","2013","AFR","ETH","53","53.00000","","",""
"IR_ORGANOPHOSPHATE_EXTENT","PUBLISHED","2002","SEAR","IND","53","53.00000","","",""
"IR_ORGANOPHOSPHATE_EXTENT","PUBLISHED","2001","SEAR","LKA","67","67.00000","","",""
"IR_ORGANOPHOSPHATE_EXTENT","PUBLISHED","2010","WPR","CHN","100","100.00000","","",""
"IR_ORGANOPHOSPHATE_EXTENT","PUBLISHED","2011","AFR","BFA","0","0.00000","","",""
"IR_ORGANOPHOSPHATE_EXTENT","PUBLISHED","2009","AFR","TCD","0","0.00000","","",""
"IR_ORGANOPHOSPHATE_EXTENT","PUBLISHED","2008","AFR","CIV","0","0.00000","","",""
"IR_ORGANOPHOSPHATE_EXTENT","PUBLISHED","2010","AFR","CIV","0","0.00000","","",""
"IR_ORGANOPHOSPHATE_EXTENT","PUBLISHED","2005","AFR","ETH","0","0.00000","","",""
"IR_ORGANOPHOSPHATE_EXTENT","PUBLISHED","2006","AFR","GHA","0","0.00000","","",""
"IR_ORGANOPHOSPHATE_EXTENT","PUBLISHED","2012","AFR","KEN","0","0.00000","","",""
"IR_ORGANOPHOSPHATE_EXTENT","PUBLISHED","2013","AFR","KEN","0","0.00000","","",""
"IR_ORGANOPHOSPHATE_EXTENT","PUBLISHED","2009","AFR","MDG","0","0.00000","","",""
"IR_ORGANOPHOSPHATE_EXTENT","PUBLISHED","2012","AFR","NGA","0","0.00000","","",""
"IR_ORGANOPHOSPHATE_EXTENT","PUBLISHED","2011","EUR","TJK","0","0.00000","","",""
"IR_ORGANOPHOSPHATE_EXTENT","PUBLISHED","2012","EUR","TJK","0","0.00000","","",""
"IR_ORGANOPHOSPHATE_EXTENT","PUBLISHED","2008","AFR","SEN","6","6.00000","","",""
"IR_ORGANOPHOSPHATE_EXTENT","PUBLISHED","2012","AFR","ZMB","11","11.00000","","",""
"IR_ORGANOPHOSPHATE_EXTENT","PUBLISHED","2012","AFR","BEN","30","30.00000","","",""
"IR_ORGANOPHOSPHATE_EXTENT","PUBLISHED","2013","AFR","CIV","33","33.00000","","",""
"IR_ORGANOPHOSPHATE_EXTENT","PUBLISHED","2001","SEAR","IND","33","33.00000","","",""
"IR_ORGANOPHOSPHATE_EXTENT","PUBLISHED","2012","AFR","CIV","36","36.00000","","",""
"IR_ORGANOPHOSPHATE_EXTENT","PUBLISHED","2009","AFR","ETH","41","41.00000","","",""
"IR_ORGANOPHOSPHATE_EXTENT","PUBLISHED","2009","WPR","CHN","43","43.00000","","",""
"IR_ORGANOPHOSPHATE_EXTENT","PUBLISHED","2009","AFR","COD","50","50.00000","","",""
"IR_ORGANOPHOSPHATE_EXTENT","PUBLISHED","2006","EMR","SDN","54","54.00000","","",""
"IR_ORGANOPHOSPHATE_EXTENT","PUBLISHED","2012","AMR","DOM","100","100.00000","","",""
"IR_ORGANOPHOSPHATE_EXTENT","PUBLISHED","2012","AMR","ECU","100","100.00000","","",""
"IR_ORGANOPHOSPHATE_EXTENT","PUBLISHED","2009","AFR","AGO","0","0.00000","","",""
"IR_ORGANOPHOSPHATE_EXTENT","PUBLISHED","2013","AFR","TCD","0","0.00000","","",""
"IR_ORGANOPHOSPHATE_EXTENT","PUBLISHED","2009","AFR","COG","0","0.00000","","",""
"IR_ORGANOPHOSPHATE_EXTENT","PUBLISHED","2007","AFR","ETH","0","0.00000","","",""
"IR_ORGANOPHOSPHATE_EXTENT","PUBLISHED","2011","AFR","GHA","0","0.00000","","",""
"IR_ORGANOPHOSPHATE_EXTENT","PUBLISHED","2012","AFR","GHA","0","0.00000","","",""
"IR_ORGANOPHOSPHATE_EXTENT","PUBLISHED","2013","AFR","GHA","0","0.00000","","",""
"IR_ORGANOPHOSPHATE_EXTENT","PUBLISHED","2013","AMR","HTI","0","0.00000","","",""
"IR_ORGANOPHOSPHATE_EXTENT","PUBLISHED","2002","EMR","IRN","0","0.00000","","",""
"IR_ORGANOPHOSPHATE_EXTENT","PUBLISHED","2004","EMR","IRN","0","0.00000","","",""
"IR_ORGANOPHOSPHATE_EXTENT","PUBLISHED","2011","AFR","LBR","0","0.00000","","",""
"IR_ORGANOPHOSPHATE_EXTENT","PUBLISHED","2010","AFR","MDG","0","0.00000","","",""
"IR_ORGANOPHOSPHATE_EXTENT","PUBLISHED","2011","AFR","MDG","0","0.00000","","",""
"IR_ORGANOPHOSPHATE_EXTENT","PUBLISHED","2000","AFR","MOZ","0","0.00000","","",""
"IR_ORGANOPHOSPHATE_EXTENT","PUBLISHED","2009","AFR","MOZ","0","0.00000","","",""
"IR_ORGANOPHOSPHATE_EXTENT","PUBLISHED","2011","AMR","NIC","0","0.00000","","",""
"IR_ORGANOPHOSPHATE_EXTENT","PUBLISHED","2011","AFR","RWA","0","0.00000","","",""
"IR_ORGANOPHOSPHATE_EXTENT","PUBLISHED","2005","EMR","SAU","0","0.00000","","",""
"IR_ORGANOPHOSPHATE_EXTENT","PUBLISHED","2013","AFR","SEN","0","0.00000","","",""
"IR_ORGANOPHOSPHATE_EXTENT","PUBLISHED","2005","SEAR","THA","0","0.00000","","",""
"IR_ORGANOPHOSPHATE_EXTENT","PUBLISHED","2009","SEAR","TLS","0","0.00000","","",""
"IR_ORGANOPHOSPHATE_EXTENT","PUBLISHED","2008","AFR","UGA","0","0.00000","","",""
"IR_ORGANOPHOSPHATE_EXTENT","PUBLISHED","2011","AFR","UGA","0","0.00000","","",""
"IR_ORGANOPHOSPHATE_EXTENT","PUBLISHED","2012","AFR","UGA","0","0.00000","","",""
"IR_ORGANOPHOSPHATE_EXTENT","PUBLISHED","2013","AFR","ZMB","0","0.00000","","",""
"IR_ORGANOPHOSPHATE_EXTENT","PUBLISHED","2006","AFR","ZWE","0","0.00000","","",""
"IR_ORGANOPHOSPHATE_EXTENT","PUBLISHED","2012","AFR","BFA","9","9.00000","","",""
"IR_ORGANOPHOSPHATE_EXTENT","PUBLISHED","2010","AFR","ETH","12","12.00000","","",""
"IR_ORGANOPHOSPHATE_EXTENT","PUBLISHED","2006","AMR","COL","14","14.00000","","",""
"IR_ORGANOPHOSPHATE_EXTENT","PUBLISHED","2004","AFR","CIV","50","50.00000","","",""
"IR_ORGANOPHOSPHATE_EXTENT","PUBLISHED","2009","AFR","CIV","50","50.00000","","",""
"IR_ORGANOPHOSPHATE_EXTENT","PUBLISHED","2012","EMR","IRN","50","50.00000","","",""
"IR_ORGANOPHOSPHATE_EXTENT","PUBLISHED","2008","SEAR","LKA","50","50.00000","","",""
"IR_ORGANOPHOSPHATE_EXTENT","PUBLISHED","2011","EMR","PAK","79","79.00000","","",""
"IR_ORGANOPHOSPHATE_EXTENT","PUBLISHED","2013","EMR","PAK","82","82.00000","","",""
"IR_ORGANOPHOSPHATE_EXTENT","PUBLISHED","2009","SEAR","IND","93","93.00000","","",""
"IR_ORGANOPHOSPHATE_EXTENT","PUBLISHED","2012","WPR","CHN","100","100.00000","","",""
"IR_ORGANOPHOSPHATE_EXTENT","PUBLISHED","2003","AFR","CMR","0","0.00000","","",""
"IR_ORGANOPHOSPHATE_EXTENT","PUBLISHED","2010","AFR","CMR","0","0.00000","","",""
"IR_ORGANOPHOSPHATE_EXTENT","PUBLISHED","2013","AMR","COL","0","0.00000","","",""
"IR_ORGANOPHOSPHATE_EXTENT","PUBLISHED","2012","AFR","COD","0","0.00000","","",""
"IR_ORGANOPHOSPHATE_EXTENT","PUBLISHED","2013","AFR","COD","0","0.00000","","",""
"IR_ORGANOPHOSPHATE_EXTENT","PUBLISHED","2003","SEAR","IND","0","0.00000","","",""
"IR_ORGANOPHOSPHATE_EXTENT","PUBLISHED","2000","EMR","IRN","0","0.00000","","",""
"IR_ORGANOPHOSPHATE_EXTENT","PUBLISHED","2005","AFR","KEN","0","0.00000","","",""
"IR_ORGANOPHOSPHATE_EXTENT","PUBLISHED","2012","AFR","LBR","0","0.00000","","",""
"IR_ORGANOPHOSPHATE_EXTENT","PUBLISHED","2013","AFR","LBR","0","0.00000","","",""
"IR_ORGANOPHOSPHATE_EXTENT","PUBLISHED","2013","AFR","MOZ","0","0.00000","","",""
"IR_ORGANOPHOSPHATE_EXTENT","PUBLISHED","2009","AFR","SEN","0","0.00000","","",""
"IR_ORGANOPHOSPHATE_EXTENT","PUBLISHED","2000","EMR","SDN","0","0.00000","","",""
"IR_ORGANOPHOSPHATE_EXTENT","PUBLISHED","2009","EMR","SDN","0","0.00000","","",""
"IR_ORGANOPHOSPHATE_EXTENT","PUBLISHED","2013","AMR","SUR","0","0.00000","","",""
"IR_ORGANOPHOSPHATE_EXTENT","PUBLISHED","2007","EUR","TUR","0","0.00000","","",""
"IR_ORGANOPHOSPHATE_EXTENT","PUBLISHED","2013","AFR","UGA","0","0.00000","","",""
"IR_ORGANOPHOSPHATE_EXTENT","PUBLISHED","2013","AFR","TZA","6","6.00000","","",""
"IR_ORGANOPHOSPHATE_EXTENT","PUBLISHED","2008","AFR","ETH","10","10.00000","","",""
"IR_ORGANOPHOSPHATE_EXTENT","PUBLISHED","2013","AFR","BEN","33","33.00000","","",""
"IR_ORGANOPHOSPHATE_EXTENT","PUBLISHED","2004","EMR","SDN","50","50.00000","","",""
"IR_ORGANOPHOSPHATE_EXTENT","PUBLISHED","2011","AMR","ECU","75","75.00000","","",""
"IR_ORGANOPHOSPHATE_EXTENT","PUBLISHED","2009","EMR","SOM","100","100.00000","","",""
"IR_ORGANOPHOSPHATE_EXTENT","PUBLISHED","2010","EMR","SOM","100","100.00000","","",""
"IR_ORGANOPHOSPHATE_EXTENT","PUBLISHED","2008","EUR","TUR","100","100.00000","","",""
"IR_ORGANOPHOSPHATE_EXTENT","PUBLISHED","2002","EMR","AFG","Not tested/reported","","","",""
"IR_ORGANOPHOSPHATE_EXTENT","PUBLISHED","2004","EMR","AFG","Not tested/reported","","","",""
"IR_ORGANOPHOSPHATE_EXTENT","PUBLISHED","2012","EMR","AFG","Not tested/reported","","","",""
"IR_ORGANOPHOSPHATE_EXTENT","PUBLISHED","2006","AFR","DZA","Not tested/reported","","","",""
"IR_ORGANOPHOSPHATE_EXTENT","PUBLISHED","2001","AFR","AGO","Not tested/reported","","","",""
"IR_ORGANOPHOSPHATE_EXTENT","PUBLISHED","2010","AFR","AGO","Not tested/reported","","","",""
"IR_ORGANOPHOSPHATE_EXTENT","PUBLISHED","2013","AMR","ARG","Not tested/reported","","","",""
"IR_ORGANOPHOSPHATE_EXTENT","PUBLISHED","2001","EUR","AZE","Not tested/reported","","","",""
"IR_ORGANOPHOSPHATE_EXTENT","PUBLISHED","2007","EUR","AZE","Not tested/reported","","","",""
"IR_ORGANOPHOSPHATE_EXTENT","PUBLISHED","2009","EUR","AZE","Not tested/reported","","","",""
"IR_ORGANOPHOSPHATE_EXTENT","PUBLISHED","2004","SEAR","BGD","Not tested/reported","","","",""
"IR_ORGANOPHOSPHATE_EXTENT","PUBLISHED","2013","SEAR","BGD","Not tested/reported","","","",""
"IR_ORGANOPHOSPHATE_EXTENT","PUBLISHED","2001","AMR","BLZ","Not tested/reported","","","",""
"IR_ORGANOPHOSPHATE_EXTENT","PUBLISHED","2006","AMR","BLZ","Not tested/reported","","","",""
"IR_ORGANOPHOSPHATE_EXTENT","PUBLISHED","2009","AMR","BLZ","Not tested/reported","","","",""
"IR_ORGANOPHOSPHATE_EXTENT","PUBLISHED","2001","AFR","BEN","Not tested/reported","","","",""
"IR_ORGANOPHOSPHATE_EXTENT","PUBLISHED","2003","AFR","BEN","Not tested/reported","","","",""
"IR_ORGANOPHOSPHATE_EXTENT","PUBLISHED","2004","SEAR","BTN","Not tested/reported","","","",""
"IR_ORGANOPHOSPHATE_EXTENT","PUBLISHED","2005","AMR","BOL","Not tested/reported","","","",""
"IR_ORGANOPHOSPHATE_EXTENT","PUBLISHED","2007","AMR","BOL","Not tested/reported","","","",""
"IR_ORGANOPHOSPHATE_EXTENT","PUBLISHED","2008","AMR","BOL","Not tested/reported","","","",""
"IR_ORGANOPHOSPHATE_EXTENT","PUBLISHED","2008","AFR","BWA","Not tested/reported","","","",""
"IR_ORGANOPHOSPHATE_EXTENT","PUBLISHED","2011","AMR","BRA","Not tested/reported","","","",""
"IR_ORGANOPHOSPHATE_EXTENT","PUBLISHED","2013","AMR","BRA","Not tested/reported","","","",""
"IR_ORGANOPHOSPHATE_EXTENT","PUBLISHED","2005","AFR","BDI","Not tested/reported","","","",""
"IR_ORGANOPHOSPHATE_EXTENT","PUBLISHED","2013","AFR","BDI","Not tested/reported","","","",""
"IR_ORGANOPHOSPHATE_EXTENT","PUBLISHED","2002","AFR","CPV","Not tested/reported","","","",""
"IR_ORGANOPHOSPHATE_EXTENT","PUBLISHED","2008","AFR","CPV","Not tested/reported","","","",""
"IR_ORGANOPHOSPHATE_EXTENT","PUBLISHED","2003","WPR","KHM","Not tested/reported","","","",""
"IR_ORGANOPHOSPHATE_EXTENT","PUBLISHED","2004","WPR","KHM","Not tested/reported","","","",""
"IR_ORGANOPHOSPHATE_EXTENT","PUBLISHED","2005","WPR","KHM","Not tested/reported","","","",""
"IR_ORGANOPHOSPHATE_EXTENT","PUBLISHED","2013","WPR","KHM","Not tested/reported","","","",""
"IR_ORGANOPHOSPHATE_EXTENT","PUBLISHED","2005","AFR","CMR","Not tested/reported","","","",""
"IR_ORGANOPHOSPHATE_EXTENT","PUBLISHED","2009","AFR","CMR","Not tested/reported","","","",""
"IR_ORGANOPHOSPHATE_EXTENT","PUBLISHED","2004","AFR","CAF","Not tested/reported","","","",""
"IR_ORGANOPHOSPHATE_EXTENT","PUBLISHED","2011","AFR","CAF","Not tested/reported","","","",""
"IR_ORGANOPHOSPHATE_EXTENT","PUBLISHED","2012","AFR","CAF","Not tested/reported","","","",""
"IR_ORGANOPHOSPHATE_EXTENT","PUBLISHED","2013","AFR","CAF","Not tested/reported","","","",""
"IR_ORGANOPHOSPHATE_EXTENT","PUBLISHED","2005","WPR","CHN","Not tested/reported","","","",""
"IR_ORGANOPHOSPHATE_EXTENT","PUBLISHED","2006","WPR","CHN","Not tested/reported","","","",""
"IR_ORGANOPHOSPHATE_EXTENT","PUBLISHED","2002","AMR","COL","Not tested/reported","","","",""
"IR_ORGANOPHOSPHATE_EXTENT","PUBLISHED","2004","AMR","COL","Not tested/reported","","","",""
"IR_ORGANOPHOSPHATE_EXTENT","PUBLISHED","2001","AFR","COM","Not tested/reported","","","",""
"IR_ORGANOPHOSPHATE_EXTENT","PUBLISHED","2003","AFR","COM","Not tested/reported","","","",""
"IR_ORGANOPHOSPHATE_EXTENT","PUBLISHED","2013","AFR","COM","Not tested/reported","","","",""
"IR_ORGANOPHOSPHATE_EXTENT","PUBLISHED","2003","AMR","CRI","Not tested/reported","","","",""
"IR_ORGANOPHOSPHATE_EXTENT","PUBLISHED","2006","AFR","CIV","Not tested/reported","","","",""
"IR_ORGANOPHOSPHATE_EXTENT","PUBLISHED","2007","AFR","CIV","Not tested/reported","","","",""
"IR_ORGANOPHOSPHATE_EXTENT","PUBLISHED","2007","SEAR","PRK","Not tested/reported","","","",""
"IR_ORGANOPHOSPHATE_EXTENT","PUBLISHED","2008","SEAR","PRK","Not tested/reported","","","",""
"IR_ORGANOPHOSPHATE_EXTENT","PUBLISHED","2013","SEAR","PRK","Not tested/reported","","","",""
"IR_ORGANOPHOSPHATE_EXTENT","PUBLISHED","2002","AFR","COD","Not tested/reported","","","",""
"IR_ORGANOPHOSPHATE_EXTENT","PUBLISHED","2006","EMR","DJI","Not tested/reported","","","",""
"IR_ORGANOPHOSPHATE_EXTENT","PUBLISHED","2008","EMR","DJI","Not tested/reported","","","",""
"IR_ORGANOPHOSPHATE_EXTENT","PUBLISHED","2002","AMR","DOM","Not tested/reported","","","",""
"IR_ORGANOPHOSPHATE_EXTENT","PUBLISHED","2010","AMR","DOM","Not tested/reported","","","",""
"IR_ORGANOPHOSPHATE_EXTENT","PUBLISHED","2004","AMR","ECU","Not tested/reported","","","",""
"IR_ORGANOPHOSPHATE_EXTENT","PUBLISHED","2005","AMR","ECU","Not tested/reported","","","",""
"IR_ORGANOPHOSPHATE_EXTENT","PUBLISHED","2001","AMR","SLV","Not tested/reported","","","",""
"IR_ORGANOPHOSPHATE_EXTENT","PUBLISHED","2012","AMR","SLV","Not tested/reported","","","",""
"IR_ORGANOPHOSPHATE_EXTENT","PUBLISHED","2004","AFR","GNQ","Not tested/reported","","","",""
"IR_ORGANOPHOSPHATE_EXTENT","PUBLISHED","2011","AFR","GNQ","Not tested/reported","","","",""
"IR_ORGANOPHOSPHATE_EXTENT","PUBLISHED","2013","AFR","GNQ","Not tested/reported","","","",""
"IR_ORGANOPHOSPHATE_EXTENT","PUBLISHED","2000","AFR","ERI","Not tested/reported","","","",""
"IR_ORGANOPHOSPHATE_EXTENT","PUBLISHED","2006","AFR","ERI","Not tested/reported","","","",""
"IR_ORGANOPHOSPHATE_EXTENT","PUBLISHED","2008","AFR","ERI","Not tested/reported","","","",""
"IR_ORGANOPHOSPHATE_EXTENT","PUBLISHED","2002","AFR","ETH","Not tested/reported","","","",""
"IR_ORGANOPHOSPHATE_EXTENT","PUBLISHED","2004","AFR","ETH","Not tested/reported","","","",""
"IR_ORGANOPHOSPHATE_EXTENT","PUBLISHED","2006","AFR","ETH","Not tested/reported","","","",""
"IR_ORGANOPHOSPHATE_EXTENT","PUBLISHED","2005","AFR","GAB","Not tested/reported","","","",""
"IR_ORGANOPHOSPHATE_EXTENT","PUBLISHED","2007","AFR","GAB","Not tested/reported","","","",""
"IR_ORGANOPHOSPHATE_EXTENT","PUBLISHED","2013","AFR","GAB","Not tested/reported","","","",""
"IR_ORGANOPHOSPHATE_EXTENT","PUBLISHED","2000","AFR","GMB","Not tested/reported","","","",""
"IR_ORGANOPHOSPHATE_EXTENT","PUBLISHED","2001","AFR","GMB","Not tested/reported","","","",""
"IR_ORGANOPHOSPHATE_EXTENT","PUBLISHED","2002","AFR","GMB","Not tested/reported","","","",""
"IR_ORGANOPHOSPHATE_EXTENT","PUBLISHED","2009","AFR","GMB","Not tested/reported","","","",""
"IR_ORGANOPHOSPHATE_EXTENT","PUBLISHED","2001","AFR","GHA","Not tested/reported","","","",""
"IR_ORGANOPHOSPHATE_EXTENT","PUBLISHED","2003","AFR","GIN","Not tested/reported","","","",""
"IR_ORGANOPHOSPHATE_EXTENT","PUBLISHED","2003","AFR","GNB","Not tested/reported","","","",""
"IR_ORGANOPHOSPHATE_EXTENT","PUBLISHED","2004","AFR","GNB","Not tested/reported","","","",""
"IR_ORGANOPHOSPHATE_EXTENT","PUBLISHED","2009","AMR","GUY","Not tested/reported","","","",""
"IR_ORGANOPHOSPHATE_EXTENT","PUBLISHED","2000","AMR","HTI","Not tested/reported","","","",""
"IR_ORGANOPHOSPHATE_EXTENT","PUBLISHED","2007","EMR","AFG","Not tested/reported","","","",""
"IR_ORGANOPHOSPHATE_EXTENT","PUBLISHED","2000","AFR","DZA","Not tested/reported","","","",""
"IR_ORGANOPHOSPHATE_EXTENT","PUBLISHED","2003","AFR","DZA","Not tested/reported","","","",""
"IR_ORGANOPHOSPHATE_EXTENT","PUBLISHED","2011","AFR","DZA","Not tested/reported","","","",""
"IR_ORGANOPHOSPHATE_EXTENT","PUBLISHED","2005","AFR","AGO","Not tested/reported","","","",""
"IR_ORGANOPHOSPHATE_EXTENT","PUBLISHED","2002","AMR","ARG","Not tested/reported","","","",""
"IR_ORGANOPHOSPHATE_EXTENT","PUBLISHED","2010","AMR","ARG","Not tested/reported","","","",""
"IR_ORGANOPHOSPHATE_EXTENT","PUBLISHED","2011","AMR","ARG","Not tested/reported","","","",""
"IR_ORGANOPHOSPHATE_EXTENT","PUBLISHED","2003","EUR","AZE","Not tested/reported","","","",""
"IR_ORGANOPHOSPHATE_EXTENT","PUBLISHED","2004","EUR","AZE","Not tested/reported","","","",""
"IR_ORGANOPHOSPHATE_EXTENT","PUBLISHED","2005","EUR","AZE","Not tested/reported","","","",""
"IR_ORGANOPHOSPHATE_EXTENT","PUBLISHED","2006","EUR","AZE","Not tested/reported","","","",""
"IR_ORGANOPHOSPHATE_EXTENT","PUBLISHED","2012","EUR","AZE","Not tested/reported","","","",""
"IR_ORGANOPHOSPHATE_EXTENT","PUBLISHED","2007","SEAR","BGD","Not tested/reported","","","",""
"IR_ORGANOPHOSPHATE_EXTENT","PUBLISHED","2008","SEAR","BGD","Not tested/reported","","","",""
"IR_ORGANOPHOSPHATE_EXTENT","PUBLISHED","2011","SEAR","BGD","Not tested/reported","","","",""
"IR_ORGANOPHOSPHATE_EXTENT","PUBLISHED","2002","AMR","BLZ","Not tested/reported","","","",""
"IR_ORGANOPHOSPHATE_EXTENT","PUBLISHED","2003","AMR","BLZ","Not tested/reported","","","",""
"IR_ORGANOPHOSPHATE_EXTENT","PUBLISHED","2005","AMR","BLZ","Not tested/reported","","","",""
"IR_ORGANOPHOSPHATE_EXTENT","PUBLISHED","2006","AFR","BEN","Not tested/reported","","","",""
"IR_ORGANOPHOSPHATE_EXTENT","PUBLISHED","2001","SEAR","BTN","Not tested/reported","","","",""
"IR_ORGANOPHOSPHATE_EXTENT","PUBLISHED","2006","SEAR","BTN","Not tested/reported","","","",""
"IR_ORGANOPHOSPHATE_EXTENT","PUBLISHED","2008","SEAR","BTN","Not tested/reported","","","",""
"IR_ORGANOPHOSPHATE_EXTENT","PUBLISHED","2009","SEAR","BTN","Not tested/reported","","","",""
"IR_ORGANOPHOSPHATE_EXTENT","PUBLISHED","2009","AMR","BOL","Not tested/reported","","","",""
"IR_ORGANOPHOSPHATE_EXTENT","PUBLISHED","2011","AMR","BOL","Not tested/reported","","","",""
"IR_ORGANOPHOSPHATE_EXTENT","PUBLISHED","2012","AMR","BOL","Not tested/reported","","","",""
"IR_ORGANOPHOSPHATE_EXTENT","PUBLISHED","2003","AFR","BWA","Not tested/reported","","","",""
"IR_ORGANOPHOSPHATE_EXTENT","PUBLISHED","2011","AFR","BWA","Not tested/reported","","","",""
"IR_ORGANOPHOSPHATE_EXTENT","PUBLISHED","2013","AFR","BWA","Not tested/reported","","","",""
"IR_ORGANOPHOSPHATE_EXTENT","PUBLISHED","2006","AMR","BRA","Not tested/reported","","","",""
"IR_ORGANOPHOSPHATE_EXTENT","PUBLISHED","2007","AMR","BRA","Not tested/reported","","","",""
"IR_ORGANOPHOSPHATE_EXTENT","PUBLISHED","2009","AMR","BRA","Not tested/reported","","","",""
"IR_ORGANOPHOSPHATE_EXTENT","PUBLISHED","2000","AFR","BFA","Not tested/reported","","","",""
"IR_ORGANOPHOSPHATE_EXTENT","PUBLISHED","2001","AFR","BFA","Not tested/reported","","","",""
"IR_ORGANOPHOSPHATE_EXTENT","PUBLISHED","2000","AFR","BDI","Not tested/reported","","","",""
"IR_ORGANOPHOSPHATE_EXTENT","PUBLISHED","2002","AFR","BDI","Not tested/reported","","","",""
"IR_ORGANOPHOSPHATE_EXTENT","PUBLISHED","2003","AFR","BDI","Not tested/reported","","","",""
"IR_ORGANOPHOSPHATE_EXTENT","PUBLISHED","2009","AFR","BDI","Not tested/reported","","","",""
"IR_ORGANOPHOSPHATE_EXTENT","PUBLISHED","2004","AFR","CPV","Not tested/reported","","","",""
"IR_ORGANOPHOSPHATE_EXTENT","PUBLISHED","2005","AFR","CPV","Not tested/reported","","","",""
"IR_ORGANOPHOSPHATE_EXTENT","PUBLISHED","2006","AFR","CPV","Not tested/reported","","","",""
"IR_ORGANOPHOSPHATE_EXTENT","PUBLISHED","2011","AFR","CPV","Not tested/reported","","","",""
"IR_ORGANOPHOSPHATE_EXTENT","PUBLISHED","2001","WPR","KHM","Not tested/reported","","","",""
"IR_ORGANOPHOSPHATE_EXTENT","PUBLISHED","2007","WPR","KHM","Not tested/reported","","","",""
"IR_ORGANOPHOSPHATE_EXTENT","PUBLISHED","2000","AFR","CMR","Not tested/reported","","","",""
"IR_ORGANOPHOSPHATE_EXTENT","PUBLISHED","2011","AFR","CMR","Not tested/reported","","","",""
"IR_ORGANOPHOSPHATE_EXTENT","PUBLISHED","2012","AFR","CMR","Not tested/reported","","","",""
"IR_ORGANOPHOSPHATE_EXTENT","PUBLISHED","2003","AFR","TCD","Not tested/reported","","","",""
"IR_ORGANOPHOSPHATE_EXTENT","PUBLISHED","2003","WPR","CHN","Not tested/reported","","","",""
"IR_ORGANOPHOSPHATE_EXTENT","PUBLISHED","2008","AMR","COL","Not tested/reported","","","",""
"IR_ORGANOPHOSPHATE_EXTENT","PUBLISHED","2009","AMR","COL","Not tested/reported","","","",""
"IR_ORGANOPHOSPHATE_EXTENT","PUBLISHED","2010","AMR","COL","Not tested/reported","","","",""
"IR_ORGANOPHOSPHATE_EXTENT","PUBLISHED","2000","AFR","COM","Not tested/reported","","","",""
"IR_ORGANOPHOSPHATE_EXTENT","PUBLISHED","2000","AFR","COG","Not tested/reported","","","",""
"IR_ORGANOPHOSPHATE_EXTENT","PUBLISHED","2003","AFR","COG","Not tested/reported","","","",""
"IR_ORGANOPHOSPHATE_EXTENT","PUBLISHED","2001","AFR","CIV","Not tested/reported","","","",""
"IR_ORGANOPHOSPHATE_EXTENT","PUBLISHED","2003","AFR","COD","Not tested/reported","","","",""
"IR_ORGANOPHOSPHATE_EXTENT","PUBLISHED","2000","EMR","DJI","Not tested/reported","","","",""
"IR_ORGANOPHOSPHATE_EXTENT","PUBLISHED","2001","EMR","DJI","Not tested/reported","","","",""
"IR_ORGANOPHOSPHATE_EXTENT","PUBLISHED","2002","EMR","DJI","Not tested/reported","","","",""
"IR_ORGANOPHOSPHATE_EXTENT","PUBLISHED","2004","EMR","DJI","Not tested/reported","","","",""
"IR_ORGANOPHOSPHATE_EXTENT","PUBLISHED","2012","EMR","DJI","Not tested/reported","","","",""
"IR_ORGANOPHOSPHATE_EXTENT","PUBLISHED","2013","EMR","DJI","Not tested/reported","","","",""
"IR_ORGANOPHOSPHATE_EXTENT","PUBLISHED","2000","AMR","ECU","Not tested/reported","","","",""
"IR_ORGANOPHOSPHATE_EXTENT","PUBLISHED","2003","AMR","ECU","Not tested/reported","","","",""
"IR_ORGANOPHOSPHATE_EXTENT","PUBLISHED","2008","AMR","ECU","Not tested/reported","","","",""
"IR_ORGANOPHOSPHATE_EXTENT","PUBLISHED","2013","AMR","ECU","Not tested/reported","","","",""
"IR_ORGANOPHOSPHATE_EXTENT","PUBLISHED","2005","AMR","SLV","Not tested/reported","","","",""
"IR_ORGANOPHOSPHATE_EXTENT","PUBLISHED","2007","AMR","SLV","Not tested/reported","","","",""
"IR_ORGANOPHOSPHATE_EXTENT","PUBLISHED","2000","AFR","GNQ","Not tested/reported","","","",""
"IR_ORGANOPHOSPHATE_EXTENT","PUBLISHED","2001","AFR","GNQ","Not tested/reported","","","",""
"IR_ORGANOPHOSPHATE_EXTENT","PUBLISHED","2007","AFR","GNQ","Not tested/reported","","","",""
"IR_ORGANOPHOSPHATE_EXTENT","PUBLISHED","2008","AFR","GNQ","Not tested/reported","","","",""
"IR_ORGANOPHOSPHATE_EXTENT","PUBLISHED","2000","AFR","ETH","Not tested/reported","","","",""
"IR_ORGANOPHOSPHATE_EXTENT","PUBLISHED","2002","AFR","GAB","Not tested/reported","","","",""
"IR_ORGANOPHOSPHATE_EXTENT","PUBLISHED","2003","AFR","GMB","Not tested/reported","","","",""
"IR_ORGANOPHOSPHATE_EXTENT","PUBLISHED","2011","AFR","GMB","Not tested/reported","","","",""
"IR_ORGANOPHOSPHATE_EXTENT","PUBLISHED","2004","AMR","GTM","Not tested/reported","","","",""
"IR_ORGANOPHOSPHATE_EXTENT","PUBLISHED","2004","AFR","GIN","Not tested/reported","","","",""
"IR_ORGANOPHOSPHATE_EXTENT","PUBLISHED","2005","AFR","GIN","Not tested/reported","","","",""
"IR_ORGANOPHOSPHATE_EXTENT","PUBLISHED","2006","AFR","GIN","Not tested/reported","","","",""
"IR_ORGANOPHOSPHATE_EXTENT","PUBLISHED","2007","AFR","GIN","Not tested/reported","","","",""
"IR_ORGANOPHOSPHATE_EXTENT","PUBLISHED","2000","AFR","GNB","Not tested/reported","","","",""
"IR_ORGANOPHOSPHATE_EXTENT","PUBLISHED","2002","AMR","GUY","Not tested/reported","","","",""
"IR_ORGANOPHOSPHATE_EXTENT","PUBLISHED","2004","AMR","GUY","Not tested/reported","","","",""
"IR_ORGANOPHOSPHATE_EXTENT","PUBLISHED","2013","AMR","GUY","Not tested/reported","","","",""
"IR_ORGANOPHOSPHATE_EXTENT","PUBLISHED","2004","AMR","HTI","Not tested/reported","","","",""
"IR_ORGANOPHOSPHATE_EXTENT","PUBLISHED","2005","AMR","HTI","Not tested/reported","","","",""
"IR_ORGANOPHOSPHATE_EXTENT","PUBLISHED","2012","AMR","HTI","Not tested/reported","","","",""
"IR_ORGANOPHOSPHATE_EXTENT","PUBLISHED","2001","AMR","HND","Not tested/reported","","","",""
"IR_ORGANOPHOSPHATE_EXTENT","PUBLISHED","2011","SEAR","IND","Not tested/reported","","","",""
"IR_ORGANOPHOSPHATE_EXTENT","PUBLISHED","2000","EMR","AFG","Not tested/reported","","","",""
"IR_ORGANOPHOSPHATE_EXTENT","PUBLISHED","2009","EMR","AFG","Not tested/reported","","","",""
"IR_ORGANOPHOSPHATE_EXTENT","PUBLISHED","2008","AFR","DZA","Not tested/reported","","","",""
"IR_ORGANOPHOSPHATE_EXTENT","PUBLISHED","2009","AFR","DZA","Not tested/reported","","","",""
"IR_ORGANOPHOSPHATE_EXTENT","PUBLISHED","2010","AFR","DZA","Not tested/reported","","","",""
"IR_ORGANOPHOSPHATE_EXTENT","PUBLISHED","2003","AFR","AGO","Not tested/reported","","","",""
"IR_ORGANOPHOSPHATE_EXTENT","PUBLISHED","2000","AMR","ARG","Not tested/reported","","","",""
"IR_ORGANOPHOSPHATE_EXTENT","PUBLISHED","2001","AMR","ARG","Not tested/reported","","","",""
"IR_ORGANOPHOSPHATE_EXTENT","PUBLISHED","2003","AMR","ARG","Not tested/reported","","","",""
"IR_ORGANOPHOSPHATE_EXTENT","PUBLISHED","2009","AMR","ARG","Not tested/reported","","","",""
"IR_ORGANOPHOSPHATE_EXTENT","PUBLISHED","2012","AMR","ARG","Not tested/reported","","","",""
"IR_ORGANOPHOSPHATE_EXTENT","PUBLISHED","2013","EUR","AZE","Not tested/reported","","","",""
"IR_ORGANOPHOSPHATE_EXTENT","PUBLISHED","2002","SEAR","BGD","Not tested/reported","","","",""
"IR_ORGANOPHOSPHATE_EXTENT","PUBLISHED","2010","SEAR","BGD","Not tested/reported","","","",""
"IR_ORGANOPHOSPHATE_EXTENT","PUBLISHED","2010","AMR","BLZ","Not tested/reported","","","",""
"IR_ORGANOPHOSPHATE_EXTENT","PUBLISHED","2011","AMR","BLZ","Not tested/reported","","","",""
"IR_ORGANOPHOSPHATE_EXTENT","PUBLISHED","2012","AMR","BLZ","Not tested/reported","","","",""
"IR_ORGANOPHOSPHATE_EXTENT","PUBLISHED","2013","AMR","BLZ","Not tested/reported","","","",""
"IR_ORGANOPHOSPHATE_EXTENT","PUBLISHED","2007","AFR","BEN","Not tested/reported","","","",""
"IR_ORGANOPHOSPHATE_EXTENT","PUBLISHED","2000","SEAR","BTN","Not tested/reported","","","",""
"IR_ORGANOPHOSPHATE_EXTENT","PUBLISHED","2006","AFR","BWA","Not tested/reported","","","",""
"IR_ORGANOPHOSPHATE_EXTENT","PUBLISHED","2008","AMR","BRA","Not tested/reported","","","",""
"IR_ORGANOPHOSPHATE_EXTENT","PUBLISHED","2002","AFR","BFA","Not tested/reported","","","",""
"IR_ORGANOPHOSPHATE_EXTENT","PUBLISHED","2001","AFR","BDI","Not tested/reported","","","",""
"IR_ORGANOPHOSPHATE_EXTENT","PUBLISHED","2004","AFR","BDI","Not tested/reported","","","",""
"IR_ORGANOPHOSPHATE_EXTENT","PUBLISHED","2010","AFR","BDI","Not tested/reported","","","",""
"IR_ORGANOPHOSPHATE_EXTENT","PUBLISHED","2011","AFR","BDI","Not tested/reported","","","",""
"IR_ORGANOPHOSPHATE_EXTENT","PUBLISHED","2012","AFR","CPV","Not tested/reported","","","",""
"IR_ORGANOPHOSPHATE_EXTENT","PUBLISHED","2001","AFR","CMR","Not tested/reported","","","",""
"IR_ORGANOPHOSPHATE_EXTENT","PUBLISHED","2013","AFR","CMR","Not tested/reported","","","",""
"IR_ORGANOPHOSPHATE_EXTENT","PUBLISHED","2006","AFR","CAF","Not tested/reported","","","",""
"IR_ORGANOPHOSPHATE_EXTENT","PUBLISHED","2002","AFR","TCD","Not tested/reported","","","",""
"IR_ORGANOPHOSPHATE_EXTENT","PUBLISHED","2001","WPR","CHN","Not tested/reported","","","",""
"IR_ORGANOPHOSPHATE_EXTENT","PUBLISHED","2002","WPR","CHN","Not tested/reported","","","",""
"IR_ORGANOPHOSPHATE_EXTENT","PUBLISHED","2001","AMR","COL","Not tested/reported","","","",""
"IR_ORGANOPHOSPHATE_EXTENT","PUBLISHED","2007","AFR","COM","Not tested/reported","","","",""
"IR_ORGANOPHOSPHATE_EXTENT","PUBLISHED","2000","AMR","CRI","Not tested/reported","","","",""
"IR_ORGANOPHOSPHATE_EXTENT","PUBLISHED","2005","AMR","CRI","Not tested/reported","","","",""
"IR_ORGANOPHOSPHATE_EXTENT","PUBLISHED","2007","AMR","CRI","Not tested/reported","","","",""
"IR_ORGANOPHOSPHATE_EXTENT","PUBLISHED","2000","SEAR","PRK","Not tested/reported","","","",""
"IR_ORGANOPHOSPHATE_EXTENT","PUBLISHED","2001","SEAR","PRK","Not tested/reported","","","",""
"IR_ORGANOPHOSPHATE_EXTENT","PUBLISHED","2004","SEAR","PRK","Not tested/reported","","","",""
"IR_ORGANOPHOSPHATE_EXTENT","PUBLISHED","2010","SEAR","PRK","Not tested/reported","","","",""
"IR_ORGANOPHOSPHATE_EXTENT","PUBLISHED","2011","SEAR","PRK","Not tested/reported","","","",""
"IR_ORGANOPHOSPHATE_EXTENT","PUBLISHED","2012","SEAR","PRK","Not tested/reported","","","",""
"IR_ORGANOPHOSPHATE_EXTENT","PUBLISHED","2004","AFR","COD","Not tested/reported","","","",""
"IR_ORGANOPHOSPHATE_EXTENT","PUBLISHED","2005","AFR","COD","Not tested/reported","","","",""
"IR_ORGANOPHOSPHATE_EXTENT","PUBLISHED","2006","AFR","COD","Not tested/reported","","","",""
"IR_ORGANOPHOSPHATE_EXTENT","PUBLISHED","2009","EMR","DJI","Not tested/reported","","","",""
"IR_ORGANOPHOSPHATE_EXTENT","PUBLISHED","2010","EMR","DJI","Not tested/reported","","","",""
"IR_ORGANOPHOSPHATE_EXTENT","PUBLISHED","2004","AMR","DOM","Not tested/reported","","","",""
"IR_ORGANOPHOSPHATE_EXTENT","PUBLISHED","2005","AMR","DOM","Not tested/reported","","","",""
"IR_ORGANOPHOSPHATE_EXTENT","PUBLISHED","2001","AMR","ECU","Not tested/reported","","","",""
"IR_ORGANOPHOSPHATE_EXTENT","PUBLISHED","2009","AMR","ECU","Not tested/reported","","","",""
"IR_ORGANOPHOSPHATE_EXTENT","PUBLISHED","2006","AMR","SLV","Not tested/reported","","","",""
"IR_ORGANOPHOSPHATE_EXTENT","PUBLISHED","2013","AMR","SLV","Not tested/reported","","","",""
"IR_ORGANOPHOSPHATE_EXTENT","PUBLISHED","2002","AFR","GNQ","Not tested/reported","","","",""
"IR_ORGANOPHOSPHATE_EXTENT","PUBLISHED","2009","AFR","GNQ","Not tested/reported","","","",""
"IR_ORGANOPHOSPHATE_EXTENT","PUBLISHED","2001","AFR","ERI","Not tested/reported","","","",""
"IR_ORGANOPHOSPHATE_EXTENT","PUBLISHED","2002","AFR","ERI","Not tested/reported","","","",""
"IR_ORGANOPHOSPHATE_EXTENT","PUBLISHED","2012","AFR","ERI","Not tested/reported","","","",""
"IR_ORGANOPHOSPHATE_EXTENT","PUBLISHED","2001","AFR","ETH","Not tested/reported","","","",""
"IR_ORGANOPHOSPHATE_EXTENT","PUBLISHED","2003","AFR","GAB","Not tested/reported","","","",""
"IR_ORGANOPHOSPHATE_EXTENT","PUBLISHED","2008","AFR","GAB","Not tested/reported","","","",""
"IR_ORGANOPHOSPHATE_EXTENT","PUBLISHED","2009","AFR","GAB","Not tested/reported","","","",""
"IR_ORGANOPHOSPHATE_EXTENT","PUBLISHED","2010","AFR","GAB","Not tested/reported","","","",""
"IR_ORGANOPHOSPHATE_EXTENT","PUBLISHED","2011","AFR","GAB","Not tested/reported","","","",""
"IR_ORGANOPHOSPHATE_EXTENT","PUBLISHED","2005","AFR","GMB","Not tested/reported","","","",""
"IR_ORGANOPHOSPHATE_EXTENT","PUBLISHED","2006","AFR","GMB","Not tested/reported","","","",""
"IR_ORGANOPHOSPHATE_EXTENT","PUBLISHED","2013","AFR","GMB","Not tested/reported","","","",""
"IR_ORGANOPHOSPHATE_EXTENT","PUBLISHED","2000","AFR","GHA","Not tested/reported","","","",""
"IR_ORGANOPHOSPHATE_EXTENT","PUBLISHED","2001","AMR","GTM","Not tested/reported","","","",""
"IR_ORGANOPHOSPHATE_EXTENT","PUBLISHED","2002","AMR","GTM","Not tested/reported","","","",""
"IR_ORGANOPHOSPHATE_EXTENT","PUBLISHED","2003","AMR","GTM","Not tested/reported","","","",""
"IR_ORGANOPHOSPHATE_EXTENT","PUBLISHED","2009","AMR","GTM","Not tested/reported","","","",""
"IR_ORGANOPHOSPHATE_EXTENT","PUBLISHED","2010","AMR","GTM","Not tested/reported","","","",""
"IR_ORGANOPHOSPHATE_EXTENT","PUBLISHED","2012","AMR","GTM","Not tested/reported","","","",""
"IR_ORGANOPHOSPHATE_EXTENT","PUBLISHED","2013","AFR","GIN","Not tested/reported","","","",""
"IR_ORGANOPHOSPHATE_EXTENT","PUBLISHED","2002","AFR","GNB","Not tested/reported","","","",""
"IR_ORGANOPHOSPHATE_EXTENT","PUBLISHED","2007","AFR","GNB","Not tested/reported","","","",""
"IR_ORGANOPHOSPHATE_EXTENT","PUBLISHED","2008","AFR","GNB","Not tested/reported","","","",""
"IR_ORGANOPHOSPHATE_EXTENT","PUBLISHED","2009","AFR","GNB","Not tested/reported","","","",""
"IR_ORGANOPHOSPHATE_EXTENT","PUBLISHED","2010","AFR","GNB","Not tested/reported","","","",""
"IR_ORGANOPHOSPHATE_EXTENT","PUBLISHED","2011","AMR","GUY","Not tested/reported","","","",""
"IR_ORGANOPHOSPHATE_EXTENT","PUBLISHED","2006","AMR","HTI","Not tested/reported","","","",""
"IR_ORGANOPHOSPHATE_EXTENT","PUBLISHED","2010","AMR","HND","Not tested/reported","","","",""
"IR_ORGANOPHOSPHATE_EXTENT","PUBLISHED","2011","AMR","HND","Not tested/reported","","","",""
"IR_ORGANOPHOSPHATE_EXTENT","PUBLISHED","2011","AFR","KEN","Not tested/reported","","","",""
"IR_ORGANOPHOSPHATE_EXTENT","PUBLISHED","2007","EUR","KGZ","Not tested/reported","","","",""
"IR_ORGANOPHOSPHATE_EXTENT","PUBLISHED","2008","EUR","KGZ","Not tested/reported","","","",""
"IR_ORGANOPHOSPHATE_EXTENT","PUBLISHED","2013","EUR","KGZ","Not tested/reported","","","",""
"IR_ORGANOPHOSPHATE_EXTENT","PUBLISHED","2007","WPR","LAO","Not tested/reported","","","",""
"IR_ORGANOPHOSPHATE_EXTENT","PUBLISHED","2010","WPR","LAO","Not tested/reported","","","",""
"IR_ORGANOPHOSPHATE_EXTENT","PUBLISHED","2002","AFR","LBR","Not tested/reported","","","",""
"IR_ORGANOPHOSPHATE_EXTENT","PUBLISHED","2003","AFR","LBR","Not tested/reported","","","",""
"IR_ORGANOPHOSPHATE_EXTENT","PUBLISHED","2001","EMR","AFG","Not tested/reported","","","",""
"IR_ORGANOPHOSPHATE_EXTENT","PUBLISHED","2003","EMR","AFG","Not tested/reported","","","",""
"IR_ORGANOPHOSPHATE_EXTENT","PUBLISHED","2010","EMR","AFG","Not tested/reported","","","",""
"IR_ORGANOPHOSPHATE_EXTENT","PUBLISHED","2011","EMR","AFG","Not tested/reported","","","",""
"IR_ORGANOPHOSPHATE_EXTENT","PUBLISHED","2004","AFR","DZA","Not tested/reported","","","",""
"IR_ORGANOPHOSPHATE_EXTENT","PUBLISHED","2012","AFR","DZA","Not tested/reported","","","",""
"IR_ORGANOPHOSPHATE_EXTENT","PUBLISHED","2000","AFR","AGO","Not tested/reported","","","",""
"IR_ORGANOPHOSPHATE_EXTENT","PUBLISHED","2007","AFR","AGO","Not tested/reported","","","",""
"IR_ORGANOPHOSPHATE_EXTENT","PUBLISHED","2008","AFR","AGO","Not tested/reported","","","",""
"IR_ORGANOPHOSPHATE_EXTENT","PUBLISHED","2011","AFR","AGO","Not tested/reported","","","",""
"IR_ORGANOPHOSPHATE_EXTENT","PUBLISHED","2005","AMR","ARG","Not tested/reported","","","",""
"IR_ORGANOPHOSPHATE_EXTENT","PUBLISHED","2006","AMR","ARG","Not tested/reported","","","",""
"IR_ORGANOPHOSPHATE_EXTENT","PUBLISHED","2007","AMR","ARG","Not tested/reported","","","",""
"IR_ORGANOPHOSPHATE_EXTENT","PUBLISHED","2000","EUR","AZE","Not tested/reported","","","",""
"IR_ORGANOPHOSPHATE_EXTENT","PUBLISHED","2002","EUR","AZE","Not tested/reported","","","",""
"IR_ORGANOPHOSPHATE_EXTENT","PUBLISHED","2008","EUR","AZE","Not tested/reported","","","",""
"IR_ORGANOPHOSPHATE_EXTENT","PUBLISHED","2010","EUR","AZE","Not tested/reported","","","",""
"IR_ORGANOPHOSPHATE_EXTENT","PUBLISHED","2006","SEAR","BGD","Not tested/reported","","","",""
"IR_ORGANOPHOSPHATE_EXTENT","PUBLISHED","2012","SEAR","BGD","Not tested/reported","","","",""
"IR_ORGANOPHOSPHATE_EXTENT","PUBLISHED","2000","AMR","BLZ","Not tested/reported","","","",""
"IR_ORGANOPHOSPHATE_EXTENT","PUBLISHED","2000","AFR","BEN","Not tested/reported","","","",""
"IR_ORGANOPHOSPHATE_EXTENT","PUBLISHED","2011","SEAR","BTN","Not tested/reported","","","",""
"IR_ORGANOPHOSPHATE_EXTENT","PUBLISHED","2013","SEAR","BTN","Not tested/reported","","","",""
"IR_ORGANOPHOSPHATE_EXTENT","PUBLISHED","2004","AMR","BOL","Not tested/reported","","","",""
"IR_ORGANOPHOSPHATE_EXTENT","PUBLISHED","2006","AMR","BOL","Not tested/reported","","","",""
"IR_ORGANOPHOSPHATE_EXTENT","PUBLISHED","2013","AMR","BOL","Not tested/reported","","","",""
"IR_ORGANOPHOSPHATE_EXTENT","PUBLISHED","2000","AFR","BWA","Not tested/reported","","","",""
"IR_ORGANOPHOSPHATE_EXTENT","PUBLISHED","2002","AFR","BWA","Not tested/reported","","","",""
"IR_ORGANOPHOSPHATE_EXTENT","PUBLISHED","2001","AMR","BRA","Not tested/reported","","","",""
"IR_ORGANOPHOSPHATE_EXTENT","PUBLISHED","2003","AMR","BRA","Not tested/reported","","","",""
"IR_ORGANOPHOSPHATE_EXTENT","PUBLISHED","2004","AMR","BRA","Not tested/reported","","","",""
"IR_ORGANOPHOSPHATE_EXTENT","PUBLISHED","2005","AMR","BRA","Not tested/reported","","","",""
"IR_ORGANOPHOSPHATE_EXTENT","PUBLISHED","2012","AMR","BRA","Not tested/reported","","","",""
"IR_ORGANOPHOSPHATE_EXTENT","PUBLISHED","2004","AFR","BFA","Not tested/reported","","","",""
"IR_ORGANOPHOSPHATE_EXTENT","PUBLISHED","2005","AFR","BFA","Not tested/reported","","","",""
"IR_ORGANOPHOSPHATE_EXTENT","PUBLISHED","2006","AFR","BFA","Not tested/reported","","","",""
"IR_ORGANOPHOSPHATE_EXTENT","PUBLISHED","2007","AFR","BFA","Not tested/reported","","","",""
"IR_ORGANOPHOSPHATE_EXTENT","PUBLISHED","2006","AFR","BDI","Not tested/reported","","","",""
"IR_ORGANOPHOSPHATE_EXTENT","PUBLISHED","2000","AFR","CPV","Not tested/reported","","","",""
"IR_ORGANOPHOSPHATE_EXTENT","PUBLISHED","2007","AFR","CPV","Not tested/reported","","","",""
"IR_ORGANOPHOSPHATE_EXTENT","PUBLISHED","2010","AFR","CPV","Not tested/reported","","","",""
"IR_ORGANOPHOSPHATE_EXTENT","PUBLISHED","2010","WPR","KHM","Not tested/reported","","","",""
"IR_ORGANOPHOSPHATE_EXTENT","PUBLISHED","2011","WPR","KHM","Not tested/reported","","","",""
"IR_ORGANOPHOSPHATE_EXTENT","PUBLISHED","2007","AFR","CMR","Not tested/reported","","","",""
"IR_ORGANOPHOSPHATE_EXTENT","PUBLISHED","2003","AFR","CAF","Not tested/reported","","","",""
"IR_ORGANOPHOSPHATE_EXTENT","PUBLISHED","2005","AFR","CAF","Not tested/reported","","","",""
"IR_ORGANOPHOSPHATE_EXTENT","PUBLISHED","2010","AFR","TCD","Not tested/reported","","","",""
"IR_ORGANOPHOSPHATE_EXTENT","PUBLISHED","2004","WPR","CHN","Not tested/reported","","","",""
"IR_ORGANOPHOSPHATE_EXTENT","PUBLISHED","2003","AMR","COL","Not tested/reported","","","",""
"IR_ORGANOPHOSPHATE_EXTENT","PUBLISHED","2007","AMR","COL","Not tested/reported","","","",""
"IR_ORGANOPHOSPHATE_EXTENT","PUBLISHED","2002","AFR","COM","Not tested/reported","","","",""
"IR_ORGANOPHOSPHATE_EXTENT","PUBLISHED","2004","AFR","COM","Not tested/reported","","","",""
"IR_ORGANOPHOSPHATE_EXTENT","PUBLISHED","2005","AFR","COM","Not tested/reported","","","",""
"IR_ORGANOPHOSPHATE_EXTENT","PUBLISHED","2004","AFR","COG","Not tested/reported","","","",""
"IR_ORGANOPHOSPHATE_EXTENT","PUBLISHED","2006","AFR","COG","Not tested/reported","","","",""
"IR_ORGANOPHOSPHATE_EXTENT","PUBLISHED","2007","AFR","COG","Not tested/reported","","","",""
"IR_ORGANOPHOSPHATE_EXTENT","PUBLISHED","2001","AMR","CRI","Not tested/reported","","","",""
"IR_ORGANOPHOSPHATE_EXTENT","PUBLISHED","2002","AMR","CRI","Not tested/reported","","","",""
"IR_ORGANOPHOSPHATE_EXTENT","PUBLISHED","2009","AMR","CRI","Not tested/reported","","","",""
"IR_ORGANOPHOSPHATE_EXTENT","PUBLISHED","2010","AMR","CRI","Not tested/reported","","","",""
"IR_ORGANOPHOSPHATE_EXTENT","PUBLISHED","2011","AMR","CRI","Not tested/reported","","","",""
"IR_ORGANOPHOSPHATE_EXTENT","PUBLISHED","2012","AMR","CRI","Not tested/reported","","","",""
"IR_ORGANOPHOSPHATE_EXTENT","PUBLISHED","2003","AFR","CIV","Not tested/reported","","","",""
"IR_ORGANOPHOSPHATE_EXTENT","PUBLISHED","2005","AFR","CIV","Not tested/reported","","","",""
"IR_ORGANOPHOSPHATE_EXTENT","PUBLISHED","2006","SEAR","PRK","Not tested/reported","","","",""
"IR_ORGANOPHOSPHATE_EXTENT","PUBLISHED","2001","AFR","COD","Not tested/reported","","","",""
"IR_ORGANOPHOSPHATE_EXTENT","PUBLISHED","2010","AFR","COD","Not tested/reported","","","",""
"IR_ORGANOPHOSPHATE_EXTENT","PUBLISHED","2000","AMR","DOM","Not tested/reported","","","",""
"IR_ORGANOPHOSPHATE_EXTENT","PUBLISHED","2001","AMR","DOM","Not tested/reported","","","",""
"IR_ORGANOPHOSPHATE_EXTENT","PUBLISHED","2003","AMR","DOM","Not tested/reported","","","",""
"IR_ORGANOPHOSPHATE_EXTENT","PUBLISHED","2009","AMR","DOM","Not tested/reported","","","",""
"IR_ORGANOPHOSPHATE_EXTENT","PUBLISHED","2011","AMR","DOM","Not tested/reported","","","",""
"IR_ORGANOPHOSPHATE_EXTENT","PUBLISHED","2006","AMR","ECU","Not tested/reported","","","",""
"IR_ORGANOPHOSPHATE_EXTENT","PUBLISHED","2007","AMR","ECU","Not tested/reported","","","",""
"IR_ORGANOPHOSPHATE_EXTENT","PUBLISHED","2002","AMR","SLV","Not tested/reported","","","",""
"IR_ORGANOPHOSPHATE_EXTENT","PUBLISHED","2003","AMR","SLV","Not tested/reported","","","",""
"IR_ORGANOPHOSPHATE_EXTENT","PUBLISHED","2012","AFR","GNQ","Not tested/reported","","","",""
"IR_ORGANOPHOSPHATE_EXTENT","PUBLISHED","2003","AFR","ETH","Not tested/reported","","","",""
"IR_ORGANOPHOSPHATE_EXTENT","PUBLISHED","2004","AFR","GAB","Not tested/reported","","","",""
"IR_ORGANOPHOSPHATE_EXTENT","PUBLISHED","2007","AFR","GMB","Not tested/reported","","","",""
"IR_ORGANOPHOSPHATE_EXTENT","PUBLISHED","2002","AFR","GHA","Not tested/reported","","","",""
"IR_ORGANOPHOSPHATE_EXTENT","PUBLISHED","2003","AFR","GHA","Not tested/reported","","","",""
"IR_ORGANOPHOSPHATE_EXTENT","PUBLISHED","2005","AFR","GHA","Not tested/reported","","","",""
"IR_ORGANOPHOSPHATE_EXTENT","PUBLISHED","2005","AMR","GTM","Not tested/reported","","","",""
"IR_ORGANOPHOSPHATE_EXTENT","PUBLISHED","2008","AMR","GTM","Not tested/reported","","","",""
"IR_ORGANOPHOSPHATE_EXTENT","PUBLISHED","2000","AFR","GIN","Not tested/reported","","","",""
"IR_ORGANOPHOSPHATE_EXTENT","PUBLISHED","2001","AFR","GIN","Not tested/reported","","","",""
"IR_ORGANOPHOSPHATE_EXTENT","PUBLISHED","2002","AFR","GIN","Not tested/reported","","","",""
"IR_ORGANOPHOSPHATE_EXTENT","PUBLISHED","2009","AFR","GIN","Not tested/reported","","","",""
"IR_ORGANOPHOSPHATE_EXTENT","PUBLISHED","2010","AFR","GIN","Not tested/reported","","","",""
"IR_ORGANOPHOSPHATE_EXTENT","PUBLISHED","2012","AFR","GIN","Not tested/reported","","","",""
"IR_ORGANOPHOSPHATE_EXTENT","PUBLISHED","2005","AFR","GNB","Not tested/reported","","","",""
"IR_ORGANOPHOSPHATE_EXTENT","PUBLISHED","2013","AFR","GNB","Not tested/reported","","","",""
"IR_ORGANOPHOSPHATE_EXTENT","PUBLISHED","2005","AMR","GUY","Not tested/reported","","","",""
"IR_ORGANOPHOSPHATE_EXTENT","PUBLISHED","2007","AMR","GUY","Not tested/reported","","","",""
"IR_ORGANOPHOSPHATE_EXTENT","PUBLISHED","2001","AMR","HTI","Not tested/reported","","","",""
"IR_ORGANOPHOSPHATE_EXTENT","PUBLISHED","2009","AMR","HTI","Not tested/reported","","","",""
"IR_ORGANOPHOSPHATE_EXTENT","PUBLISHED","2011","AMR","HTI","Not tested/reported","","","",""
"IR_ORGANOPHOSPHATE_EXTENT","PUBLISHED","2003","AMR","HND","Not tested/reported","","","",""
"IR_ORGANOPHOSPHATE_EXTENT","PUBLISHED","2012","AMR","HND","Not tested/reported","","","",""
"IR_ORGANOPHOSPHATE_EXTENT","PUBLISHED","2008","SEAR","IND","Not tested/reported","","","",""
"IR_ORGANOPHOSPHATE_EXTENT","PUBLISHED","2002","SEAR","IDN","Not tested/reported","","","",""
"IR_ORGANOPHOSPHATE_EXTENT","PUBLISHED","2004","SEAR","IDN","Not tested/reported","","","",""
"IR_ORGANOPHOSPHATE_EXTENT","PUBLISHED","2013","SEAR","IDN","Not tested/reported","","","",""
"IR_ORGANOPHOSPHATE_EXTENT","PUBLISHED","2001","AFR","KEN","Not tested/reported","","","",""
"IR_ORGANOPHOSPHATE_EXTENT","PUBLISHED","2002","EUR","KGZ","Not tested/reported","","","",""
"IR_ORGANOPHOSPHATE_EXTENT","PUBLISHED","2010","EUR","KGZ","Not tested/reported","","","",""
"IR_ORGANOPHOSPHATE_EXTENT","PUBLISHED","2011","WPR","LAO","Not tested/reported","","","",""
"IR_ORGANOPHOSPHATE_EXTENT","PUBLISHED","2013","WPR","LAO","Not tested/reported","","","",""
"IR_ORGANOPHOSPHATE_EXTENT","PUBLISHED","2000","AFR","LBR","Not tested/reported","","","",""
"IR_ORGANOPHOSPHATE_EXTENT","PUBLISHED","2001","AFR","LBR","Not tested/reported","","","",""
"IR_ORGANOPHOSPHATE_EXTENT","PUBLISHED","2007","AFR","LBR","Not tested/reported","","","",""
"IR_ORGANOPHOSPHATE_EXTENT","PUBLISHED","2008","AFR","LBR","Not tested/reported","","","",""
"IR_ORGANOPHOSPHATE_EXTENT","PUBLISHED","2004","AFR","MDG","Not tested/reported","","","",""
"IR_ORGANOPHOSPHATE_EXTENT","PUBLISHED","2004","AFR","MWI","Not tested/reported","","","",""
"IR_ORGANOPHOSPHATE_EXTENT","PUBLISHED","2006","AFR","MWI","Not tested/reported","","","",""
"IR_ORGANOPHOSPHATE_EXTENT","PUBLISHED","2008","AFR","MWI","Not tested/reported","","","",""
"IR_ORGANOPHOSPHATE_EXTENT","PUBLISHED","2002","WPR","MYS","Not tested/reported","","","",""
"IR_ORGANOPHOSPHATE_EXTENT","PUBLISHED","2005","WPR","MYS","Not tested/reported","","","",""
"IR_ORGANOPHOSPHATE_EXTENT","PUBLISHED","2010","WPR","MYS","Not tested/reported","","","",""
"IR_ORGANOPHOSPHATE_EXTENT","PUBLISHED","2011","WPR","MYS","Not tested/reported","","","",""
"IR_ORGANOPHOSPHATE_EXTENT","PUBLISHED","2005","EMR","AFG","Not tested/reported","","","",""
"IR_ORGANOPHOSPHATE_EXTENT","PUBLISHED","2013","EMR","AFG","Not tested/reported","","","",""
"IR_ORGANOPHOSPHATE_EXTENT","PUBLISHED","2005","AFR","DZA","Not tested/reported","","","",""
"IR_ORGANOPHOSPHATE_EXTENT","PUBLISHED","2007","AFR","DZA","Not tested/reported","","","",""
"IR_ORGANOPHOSPHATE_EXTENT","PUBLISHED","2013","AFR","DZA","Not tested/reported","","","",""
"IR_ORGANOPHOSPHATE_EXTENT","PUBLISHED","2002","AFR","AGO","Not tested/reported","","","",""
"IR_ORGANOPHOSPHATE_EXTENT","PUBLISHED","2004","AMR","ARG","Not tested/reported","","","",""
"IR_ORGANOPHOSPHATE_EXTENT","PUBLISHED","2003","SEAR","BGD","Not tested/reported","","","",""
"IR_ORGANOPHOSPHATE_EXTENT","PUBLISHED","2005","SEAR","BGD","Not tested/reported","","","",""
"IR_ORGANOPHOSPHATE_EXTENT","PUBLISHED","2007","AMR","BLZ","Not tested/reported","","","",""
"IR_ORGANOPHOSPHATE_EXTENT","PUBLISHED","2008","AMR","BLZ","Not tested/reported","","","",""
"IR_ORGANOPHOSPHATE_EXTENT","PUBLISHED","2002","AFR","BEN","Not tested/reported","","","",""
"IR_ORGANOPHOSPHATE_EXTENT","PUBLISHED","2004","AFR","BEN","Not tested/reported","","","",""
"IR_ORGANOPHOSPHATE_EXTENT","PUBLISHED","2002","SEAR","BTN","Not tested/reported","","","",""
"IR_ORGANOPHOSPHATE_EXTENT","PUBLISHED","2003","SEAR","BTN","Not tested/reported","","","",""
"IR_ORGANOPHOSPHATE_EXTENT","PUBLISHED","2005","SEAR","BTN","Not tested/reported","","","",""
"IR_ORGANOPHOSPHATE_EXTENT","PUBLISHED","2010","SEAR","BTN","Not tested/reported","","","",""
"IR_ORGANOPHOSPHATE_EXTENT","PUBLISHED","2012","SEAR","BTN","Not tested/reported","","","",""
"IR_ORGANOPHOSPHATE_EXTENT","PUBLISHED","2001","AFR","BWA","Not tested/reported","","","",""
"IR_ORGANOPHOSPHATE_EXTENT","PUBLISHED","2007","AFR","BWA","Not tested/reported","","","",""
"IR_ORGANOPHOSPHATE_EXTENT","PUBLISHED","2009","AFR","BWA","Not tested/reported","","","",""
"IR_ORGANOPHOSPHATE_EXTENT","PUBLISHED","2010","AFR","BWA","Not tested/reported","","","",""
"IR_ORGANOPHOSPHATE_EXTENT","PUBLISHED","2002","AMR","BRA","Not tested/reported","","","",""
"IR_ORGANOPHOSPHATE_EXTENT","PUBLISHED","2010","AMR","BRA","Not tested/reported","","","",""
"IR_ORGANOPHOSPHATE_EXTENT","PUBLISHED","2007","AFR","BDI","Not tested/reported","","","",""
"IR_ORGANOPHOSPHATE_EXTENT","PUBLISHED","2008","AFR","BDI","Not tested/reported","","","",""
"IR_ORGANOPHOSPHATE_EXTENT","PUBLISHED","2001","AFR","CPV","Not tested/reported","","","",""
"IR_ORGANOPHOSPHATE_EXTENT","PUBLISHED","2009","AFR","CPV","Not tested/reported","","","",""
"IR_ORGANOPHOSPHATE_EXTENT","PUBLISHED","2002","WPR","KHM","Not tested/reported","","","",""
"IR_ORGANOPHOSPHATE_EXTENT","PUBLISHED","2012","WPR","KHM","Not tested/reported","","","",""
"IR_ORGANOPHOSPHATE_EXTENT","PUBLISHED","2008","AFR","CMR","Not tested/reported","","","",""
"IR_ORGANOPHOSPHATE_EXTENT","PUBLISHED","2002","AFR","CAF","Not tested/reported","","","",""
"IR_ORGANOPHOSPHATE_EXTENT","PUBLISHED","2010","AFR","CAF","Not tested/reported","","","",""
"IR_ORGANOPHOSPHATE_EXTENT","PUBLISHED","2004","AFR","TCD","Not tested/reported","","","",""
"IR_ORGANOPHOSPHATE_EXTENT","PUBLISHED","2005","AFR","TCD","Not tested/reported","","","",""
"IR_ORGANOPHOSPHATE_EXTENT","PUBLISHED","2007","AFR","TCD","Not tested/reported","","","",""
"IR_ORGANOPHOSPHATE_EXTENT","PUBLISHED","2012","AFR","TCD","Not tested/reported","","","",""
"IR_ORGANOPHOSPHATE_EXTENT","PUBLISHED","2007","WPR","CHN","Not tested/reported","","","",""
"IR_ORGANOPHOSPHATE_EXTENT","PUBLISHED","2010","AFR","COM","Not tested/reported","","","",""
"IR_ORGANOPHOSPHATE_EXTENT","PUBLISHED","2011","AFR","COM","Not tested/reported","","","",""
"IR_ORGANOPHOSPHATE_EXTENT","PUBLISHED","2012","AFR","COM","Not tested/reported","","","",""
"IR_ORGANOPHOSPHATE_EXTENT","PUBLISHED","2005","AFR","COG","Not tested/reported","","","",""
"IR_ORGANOPHOSPHATE_EXTENT","PUBLISHED","2004","AMR","CRI","Not tested/reported","","","",""
"IR_ORGANOPHOSPHATE_EXTENT","PUBLISHED","2005","SEAR","PRK","Not tested/reported","","","",""
"IR_ORGANOPHOSPHATE_EXTENT","PUBLISHED","2000","AFR","COD","Not tested/reported","","","",""
"IR_ORGANOPHOSPHATE_EXTENT","PUBLISHED","2007","AFR","COD","Not tested/reported","","","",""
"IR_ORGANOPHOSPHATE_EXTENT","PUBLISHED","2008","AFR","COD","Not tested/reported","","","",""
"IR_ORGANOPHOSPHATE_EXTENT","PUBLISHED","2011","AFR","COD","Not tested/reported","","","",""
"IR_ORGANOPHOSPHATE_EXTENT","PUBLISHED","2005","EMR","DJI","Not tested/reported","","","",""
"IR_ORGANOPHOSPHATE_EXTENT","PUBLISHED","2007","EMR","DJI","Not tested/reported","","","",""
"IR_ORGANOPHOSPHATE_EXTENT","PUBLISHED","2008","AMR","DOM","Not tested/reported","","","",""
"IR_ORGANOPHOSPHATE_EXTENT","PUBLISHED","2013","AMR","DOM","Not tested/reported","","","",""
"IR_ORGANOPHOSPHATE_EXTENT","PUBLISHED","2000","AMR","SLV","Not tested/reported","","","",""
"IR_ORGANOPHOSPHATE_EXTENT","PUBLISHED","2008","AMR","SLV","Not tested/reported","","","",""
"IR_ORGANOPHOSPHATE_EXTENT","PUBLISHED","2009","AMR","SLV","Not tested/reported","","","",""
"IR_ORGANOPHOSPHATE_EXTENT","PUBLISHED","2010","AMR","SLV","Not tested/reported","","","",""
"IR_ORGANOPHOSPHATE_EXTENT","PUBLISHED","2011","AMR","SLV","Not tested/reported","","","",""
"IR_ORGANOPHOSPHATE_EXTENT","PUBLISHED","2003","AFR","GNQ","Not tested/reported","","","",""
"IR_ORGANOPHOSPHATE_EXTENT","PUBLISHED","2005","AFR","GNQ","Not tested/reported","","","",""
"IR_ORGANOPHOSPHATE_EXTENT","PUBLISHED","2006","AFR","GNQ","Not tested/reported","","","",""
"IR_ORGANOPHOSPHATE_EXTENT","PUBLISHED","2007","AFR","ERI","Not tested/reported","","","",""
"IR_ORGANOPHOSPHATE_EXTENT","PUBLISHED","2010","AFR","ERI","Not tested/reported","","","",""
"IR_ORGANOPHOSPHATE_EXTENT","PUBLISHED","2006","AFR","GAB","Not tested/reported","","","",""
"IR_ORGANOPHOSPHATE_EXTENT","PUBLISHED","2008","AFR","GMB","Not tested/reported","","","",""
"IR_ORGANOPHOSPHATE_EXTENT","PUBLISHED","2010","AFR","GMB","Not tested/reported","","","",""
"IR_ORGANOPHOSPHATE_EXTENT","PUBLISHED","2006","AMR","GTM","Not tested/reported","","","",""
"IR_ORGANOPHOSPHATE_EXTENT","PUBLISHED","2007","AMR","GTM","Not tested/reported","","","",""
"IR_ORGANOPHOSPHATE_EXTENT","PUBLISHED","2008","AFR","GIN","Not tested/reported","","","",""
"IR_ORGANOPHOSPHATE_EXTENT","PUBLISHED","2011","AFR","GIN","Not tested/reported","","","",""
"IR_ORGANOPHOSPHATE_EXTENT","PUBLISHED","2006","AFR","GNB","Not tested/reported","","","",""
"IR_ORGANOPHOSPHATE_EXTENT","PUBLISHED","2011","AFR","GNB","Not tested/reported","","","",""
"IR_ORGANOPHOSPHATE_EXTENT","PUBLISHED","2012","AFR","GNB","Not tested/reported","","","",""
"IR_ORGANOPHOSPHATE_EXTENT","PUBLISHED","2000","AMR","GUY","Not tested/reported","","","",""
"IR_ORGANOPHOSPHATE_EXTENT","PUBLISHED","2006","AMR","GUY","Not tested/reported","","","",""
"IR_ORGANOPHOSPHATE_EXTENT","PUBLISHED","2008","AMR","GUY","Not tested/reported","","","",""
"IR_ORGANOPHOSPHATE_EXTENT","PUBLISHED","2008","AMR","HTI","Not tested/reported","","","",""
"IR_ORGANOPHOSPHATE_EXTENT","PUBLISHED","2010","AMR","HTI","Not tested/reported","","","",""
"IR_ORGANOPHOSPHATE_EXTENT","PUBLISHED","2006","AMR","HND","Not tested/reported","","","",""
"IR_ORGANOPHOSPHATE_EXTENT","PUBLISHED","2013","AMR","HND","Not tested/reported","","","",""
"IR_ORGANOPHOSPHATE_EXTENT","PUBLISHED","2000","SEAR","IND","Not tested/reported","","","",""
"IR_ORGANOPHOSPHATE_EXTENT","PUBLISHED","2003","SEAR","IDN","Not tested/reported","","","",""
"IR_ORGANOPHOSPHATE_EXTENT","PUBLISHED","2010","SEAR","IDN","Not tested/reported","","","",""
"IR_ORGANOPHOSPHATE_EXTENT","PUBLISHED","2012","SEAR","IDN","Not tested/reported","","","",""
"IR_ORGANOPHOSPHATE_EXTENT","PUBLISHED","2002","AFR","KEN","Not tested/reported","","","",""
"IR_ORGANOPHOSPHATE_EXTENT","PUBLISHED","2001","EUR","KGZ","Not tested/reported","","","",""
"IR_ORGANOPHOSPHATE_EXTENT","PUBLISHED","2009","EUR","KGZ","Not tested/reported","","","",""
"IR_ORGANOPHOSPHATE_EXTENT","PUBLISHED","2006","WPR","LAO","Not tested/reported","","","",""
"IR_ORGANOPHOSPHATE_EXTENT","PUBLISHED","2012","WPR","LAO","Not tested/reported","","","",""
"IR_ORGANOPHOSPHATE_EXTENT","PUBLISHED","2009","AFR","LBR","Not tested/reported","","","",""
"IR_ORGANOPHOSPHATE_EXTENT","PUBLISHED","2005","AFR","MDG","Not tested/reported","","","",""
"IR_ORGANOPHOSPHATE_EXTENT","PUBLISHED","2007","AFR","MWI","Not tested/reported","","","",""
"IR_ORGANOPHOSPHATE_EXTENT","PUBLISHED","2003","WPR","MYS","Not tested/reported","","","",""
"IR_ORGANOPHOSPHATE_EXTENT","PUBLISHED","2004","AFR","MLI","Not tested/reported","","","",""
"IR_ORGANOPHOSPHATE_EXTENT","PUBLISHED","2002","AFR","MRT","Not tested/reported","","","",""
"IR_ORGANOPHOSPHATE_EXTENT","PUBLISHED","2004","AFR","MRT","Not tested/reported","","","",""
"IR_ORGANOPHOSPHATE_EXTENT","PUBLISHED","2010","AFR","MRT","Not tested/reported","","","",""
"IR_ORGANOPHOSPHATE_EXTENT","PUBLISHED","2013","AFR","MRT","Not tested/reported","","","",""
"IR_ORGANOPHOSPHATE_EXTENT","PUBLISHED","2006","AMR","MEX","Not tested/reported","","","",""
"IR_ORGANOPHOSPHATE_EXTENT","PUBLISHED","2001","AFR","MOZ","Not tested/reported","","","",""
"IR_ORGANOPHOSPHATE_EXTENT","PUBLISHED","2000","SEAR","MMR","Not tested/reported","","","",""
"IR_ORGANOPHOSPHATE_EXTENT","PUBLISHED","2006","SEAR","MMR","Not tested/reported","","","",""
"IR_ORGANOPHOSPHATE_EXTENT","PUBLISHED","2009","SEAR","MMR","Not tested/reported","","","",""
"IR_ORGANOPHOSPHATE_EXTENT","PUBLISHED","2005","AFR","NAM","Not tested/reported","","","",""
"IR_ORGANOPHOSPHATE_EXTENT","PUBLISHED","2010","AFR","NAM","Not tested/reported","","","",""
"IR_ORGANOPHOSPHATE_EXTENT","PUBLISHED","2011","AFR","NAM","Not tested/reported","","","",""
"IR_ORGANOPHOSPHATE_EXTENT","PUBLISHED","2012","AFR","NAM","Not tested/reported","","","",""
"IR_ORGANOPHOSPHATE_EXTENT","PUBLISHED","2013","AFR","NAM","Not tested/reported","","","",""
"IR_ORGANOPHOSPHATE_EXTENT","PUBLISHED","2007","SEAR","NPL","Not tested/reported","","","",""
"IR_ORGANOPHOSPHATE_EXTENT","PUBLISHED","2008","SEAR","NPL","Not tested/reported","","","",""
"IR_ORGANOPHOSPHATE_EXTENT","PUBLISHED","2002","AMR","NIC","Not tested/reported","","","",""
"IR_ORGANOPHOSPHATE_EXTENT","PUBLISHED","2004","AMR","NIC","Not tested/reported","","","",""
"IR_ORGANOPHOSPHATE_EXTENT","PUBLISHED","2010","AMR","NIC","Not tested/reported","","","",""
"IR_ORGANOPHOSPHATE_EXTENT","PUBLISHED","2013","AMR","NIC","Not tested/reported","","","",""
"IR_ORGANOPHOSPHATE_EXTENT","PUBLISHED","2001","AFR","NGA","Not tested/reported","","","",""
"IR_ORGANOPHOSPHATE_EXTENT","PUBLISHED","2009","AFR","NGA","Not tested/reported","","","",""
"IR_ORGANOPHOSPHATE_EXTENT","PUBLISHED","2011","AFR","NGA","Not tested/reported","","","",""
"IR_ORGANOPHOSPHATE_EXTENT","PUBLISHED","2005","EMR","PAK","Not tested/reported","","","",""
"IR_ORGANOPHOSPHATE_EXTENT","PUBLISHED","2007","EMR","PAK","Not tested/reported","","","",""
"IR_ORGANOPHOSPHATE_EXTENT","PUBLISHED","2008","EMR","PAK","Not tested/reported","","","",""
"IR_ORGANOPHOSPHATE_EXTENT","PUBLISHED","2001","AMR","PAN","Not tested/reported","","","",""
"IR_ORGANOPHOSPHATE_EXTENT","PUBLISHED","2003","AMR","PAN","Not tested/reported","","","",""
"IR_ORGANOPHOSPHATE_EXTENT","PUBLISHED","2006","EMR","AFG","Not tested/reported","","","",""
"IR_ORGANOPHOSPHATE_EXTENT","PUBLISHED","2008","EMR","AFG","Not tested/reported","","","",""
"IR_ORGANOPHOSPHATE_EXTENT","PUBLISHED","2001","AFR","DZA","Not tested/reported","","","",""
"IR_ORGANOPHOSPHATE_EXTENT","PUBLISHED","2002","AFR","DZA","Not tested/reported","","","",""
"IR_ORGANOPHOSPHATE_EXTENT","PUBLISHED","2004","AFR","AGO","Not tested/reported","","","",""
"IR_ORGANOPHOSPHATE_EXTENT","PUBLISHED","2006","AFR","AGO","Not tested/reported","","","",""
"IR_ORGANOPHOSPHATE_EXTENT","PUBLISHED","2008","AMR","ARG","Not tested/reported","","","",""
"IR_ORGANOPHOSPHATE_EXTENT","PUBLISHED","2011","EUR","AZE","Not tested/reported","","","",""
"IR_ORGANOPHOSPHATE_EXTENT","PUBLISHED","2009","SEAR","BGD","Not tested/reported","","","",""
"IR_ORGANOPHOSPHATE_EXTENT","PUBLISHED","2004","AMR","BLZ","Not tested/reported","","","",""
"IR_ORGANOPHOSPHATE_EXTENT","PUBLISHED","2007","SEAR","BTN","Not tested/reported","","","",""
"IR_ORGANOPHOSPHATE_EXTENT","PUBLISHED","2000","AMR","BOL","Not tested/reported","","","",""
"IR_ORGANOPHOSPHATE_EXTENT","PUBLISHED","2001","AMR","BOL","Not tested/reported","","","",""
"IR_ORGANOPHOSPHATE_EXTENT","PUBLISHED","2002","AMR","BOL","Not tested/reported","","","",""
"IR_ORGANOPHOSPHATE_EXTENT","PUBLISHED","2003","AMR","BOL","Not tested/reported","","","",""
"IR_ORGANOPHOSPHATE_EXTENT","PUBLISHED","2010","AMR","BOL","Not tested/reported","","","",""
"IR_ORGANOPHOSPHATE_EXTENT","PUBLISHED","2004","AFR","BWA","Not tested/reported","","","",""
"IR_ORGANOPHOSPHATE_EXTENT","PUBLISHED","2005","AFR","BWA","Not tested/reported","","","",""
"IR_ORGANOPHOSPHATE_EXTENT","PUBLISHED","2012","AFR","BWA","Not tested/reported","","","",""
"IR_ORGANOPHOSPHATE_EXTENT","PUBLISHED","2000","AMR","BRA","Not tested/reported","","","",""
"IR_ORGANOPHOSPHATE_EXTENT","PUBLISHED","2003","AFR","BFA","Not tested/reported","","","",""
"IR_ORGANOPHOSPHATE_EXTENT","PUBLISHED","2012","AFR","BDI","Not tested/reported","","","",""
"IR_ORGANOPHOSPHATE_EXTENT","PUBLISHED","2003","AFR","CPV","Not tested/reported","","","",""
"IR_ORGANOPHOSPHATE_EXTENT","PUBLISHED","2013","AFR","CPV","Not tested/reported","","","",""
"IR_ORGANOPHOSPHATE_EXTENT","PUBLISHED","2000","WPR","KHM","Not tested/reported","","","",""
"IR_ORGANOPHOSPHATE_EXTENT","PUBLISHED","2006","WPR","KHM","Not tested/reported","","","",""
"IR_ORGANOPHOSPHATE_EXTENT","PUBLISHED","2008","WPR","KHM","Not tested/reported","","","",""
"IR_ORGANOPHOSPHATE_EXTENT","PUBLISHED","2009","WPR","KHM","Not tested/reported","","","",""
"IR_ORGANOPHOSPHATE_EXTENT","PUBLISHED","2002","AFR","CMR","Not tested/reported","","","",""
"IR_ORGANOPHOSPHATE_EXTENT","PUBLISHED","2004","AFR","CMR","Not tested/reported","","","",""
"IR_ORGANOPHOSPHATE_EXTENT","PUBLISHED","2000","AFR","CAF","Not tested/reported","","","",""
"IR_ORGANOPHOSPHATE_EXTENT","PUBLISHED","2001","AFR","CAF","Not tested/reported","","","",""
"IR_ORGANOPHOSPHATE_EXTENT","PUBLISHED","2007","AFR","CAF","Not tested/reported","","","",""
"IR_ORGANOPHOSPHATE_EXTENT","PUBLISHED","2008","AFR","CAF","Not tested/reported","","","",""
"IR_ORGANOPHOSPHATE_EXTENT","PUBLISHED","2009","AFR","CAF","Not tested/reported","","","",""
"IR_ORGANOPHOSPHATE_EXTENT","PUBLISHED","2000","AFR","TCD","Not tested/reported","","","",""
"IR_ORGANOPHOSPHATE_EXTENT","PUBLISHED","2001","AFR","TCD","Not tested/reported","","","",""
"IR_ORGANOPHOSPHATE_EXTENT","PUBLISHED","2000","WPR","CHN","Not tested/reported","","","",""
"IR_ORGANOPHOSPHATE_EXTENT","PUBLISHED","2011","WPR","CHN","Not tested/reported","","","",""
"IR_ORGANOPHOSPHATE_EXTENT","PUBLISHED","2013","WPR","CHN","Not tested/reported","","","",""
"IR_ORGANOPHOSPHATE_EXTENT","PUBLISHED","2000","AMR","COL","Not tested/reported","","","",""
"IR_ORGANOPHOSPHATE_EXTENT","PUBLISHED","2006","AFR","COM","Not tested/reported","","","",""
"IR_ORGANOPHOSPHATE_EXTENT","PUBLISHED","2008","AFR","COM","Not tested/reported","","","",""
"IR_ORGANOPHOSPHATE_EXTENT","PUBLISHED","2009","AFR","COM","Not tested/reported","","","",""
"IR_ORGANOPHOSPHATE_EXTENT","PUBLISHED","2001","AFR","COG","Not tested/reported","","","",""
"IR_ORGANOPHOSPHATE_EXTENT","PUBLISHED","2002","AFR","COG","Not tested/reported","","","",""
"IR_ORGANOPHOSPHATE_EXTENT","PUBLISHED","2008","AFR","COG","Not tested/reported","","","",""
"IR_ORGANOPHOSPHATE_EXTENT","PUBLISHED","2010","AFR","COG","Not tested/reported","","","",""
"IR_ORGANOPHOSPHATE_EXTENT","PUBLISHED","2011","AFR","COG","Not tested/reported","","","",""
"IR_ORGANOPHOSPHATE_EXTENT","PUBLISHED","2012","AFR","COG","Not tested/reported","","","",""
"IR_ORGANOPHOSPHATE_EXTENT","PUBLISHED","2006","AMR","CRI","Not tested/reported","","","",""
"IR_ORGANOPHOSPHATE_EXTENT","PUBLISHED","2008","AMR","CRI","Not tested/reported","","","",""
"IR_ORGANOPHOSPHATE_EXTENT","PUBLISHED","2013","AMR","CRI","Not tested/reported","","","",""
"IR_ORGANOPHOSPHATE_EXTENT","PUBLISHED","2000","AFR","CIV","Not tested/reported","","","",""
"IR_ORGANOPHOSPHATE_EXTENT","PUBLISHED","2002","AFR","CIV","Not tested/reported","","","",""
"IR_ORGANOPHOSPHATE_EXTENT","PUBLISHED","2002","SEAR","PRK","Not tested/reported","","","",""
"IR_ORGANOPHOSPHATE_EXTENT","PUBLISHED","2003","SEAR","PRK","Not tested/reported","","","",""
"IR_ORGANOPHOSPHATE_EXTENT","PUBLISHED","2009","SEAR","PRK","Not tested/reported","","","",""
"IR_ORGANOPHOSPHATE_EXTENT","PUBLISHED","2003","EMR","DJI","Not tested/reported","","","",""
"IR_ORGANOPHOSPHATE_EXTENT","PUBLISHED","2006","AMR","DOM","Not tested/reported","","","",""
"IR_ORGANOPHOSPHATE_EXTENT","PUBLISHED","2007","AMR","DOM","Not tested/reported","","","",""
"IR_ORGANOPHOSPHATE_EXTENT","PUBLISHED","2002","AMR","ECU","Not tested/reported","","","",""
"IR_ORGANOPHOSPHATE_EXTENT","PUBLISHED","2010","AMR","ECU","Not tested/reported","","","",""
"IR_ORGANOPHOSPHATE_EXTENT","PUBLISHED","2004","AMR","SLV","Not tested/reported","","","",""
"IR_ORGANOPHOSPHATE_EXTENT","PUBLISHED","2010","AFR","GNQ","Not tested/reported","","","",""
"IR_ORGANOPHOSPHATE_EXTENT","PUBLISHED","2003","AFR","ERI","Not tested/reported","","","",""
"IR_ORGANOPHOSPHATE_EXTENT","PUBLISHED","2004","AFR","ERI","Not tested/reported","","","",""
"IR_ORGANOPHOSPHATE_EXTENT","PUBLISHED","2005","AFR","ERI","Not tested/reported","","","",""
"IR_ORGANOPHOSPHATE_EXTENT","PUBLISHED","2011","AFR","ERI","Not tested/reported","","","",""
"IR_ORGANOPHOSPHATE_EXTENT","PUBLISHED","2000","AFR","GAB","Not tested/reported","","","",""
"IR_ORGANOPHOSPHATE_EXTENT","PUBLISHED","2001","AFR","GAB","Not tested/reported","","","",""
"IR_ORGANOPHOSPHATE_EXTENT","PUBLISHED","2012","AFR","GAB","Not tested/reported","","","",""
"IR_ORGANOPHOSPHATE_EXTENT","PUBLISHED","2004","AFR","GMB","Not tested/reported","","","",""
"IR_ORGANOPHOSPHATE_EXTENT","PUBLISHED","2012","AFR","GMB","Not tested/reported","","","",""
"IR_ORGANOPHOSPHATE_EXTENT","PUBLISHED","2000","AMR","GTM","Not tested/reported","","","",""
"IR_ORGANOPHOSPHATE_EXTENT","PUBLISHED","2013","AMR","GTM","Not tested/reported","","","",""
"IR_ORGANOPHOSPHATE_EXTENT","PUBLISHED","2001","AFR","GNB","Not tested/reported","","","",""
"IR_ORGANOPHOSPHATE_EXTENT","PUBLISHED","2001","AMR","GUY","Not tested/reported","","","",""
"IR_ORGANOPHOSPHATE_EXTENT","PUBLISHED","2003","AMR","GUY","Not tested/reported","","","",""
"IR_ORGANOPHOSPHATE_EXTENT","PUBLISHED","2010","AMR","GUY","Not tested/reported","","","",""
"IR_ORGANOPHOSPHATE_EXTENT","PUBLISHED","2012","AMR","GUY","Not tested/reported","","","",""
"IR_ORGANOPHOSPHATE_EXTENT","PUBLISHED","2007","AMR","HTI","Not tested/reported","","","",""
"IR_ORGANOPHOSPHATE_EXTENT","PUBLISHED","2000","AMR","HND","Not tested/reported","","","",""
"IR_ORGANOPHOSPHATE_EXTENT","PUBLISHED","2002","AMR","HND","Not tested/reported","","","",""
"IR_ORGANOPHOSPHATE_EXTENT","PUBLISHED","2008","AMR","HND","Not tested/reported","","","",""
"IR_ORGANOPHOSPHATE_EXTENT","PUBLISHED","2009","AMR","HND","Not tested/reported","","","",""
"IR_ORGANOPHOSPHATE_EXTENT","PUBLISHED","2012","SEAR","IND","Not tested/reported","","","",""
"IR_ORGANOPHOSPHATE_EXTENT","PUBLISHED","2006","SEAR","IDN","Not tested/reported","","","",""
"IR_ORGANOPHOSPHATE_EXTENT","PUBLISHED","2008","SEAR","IDN","Not tested/reported","","","",""
"IR_ORGANOPHOSPHATE_EXTENT","PUBLISHED","2005","EMR","IRN","Not tested/reported","","","",""
"IR_ORGANOPHOSPHATE_EXTENT","PUBLISHED","2006","EMR","IRN","Not tested/reported","","","",""
"IR_ORGANOPHOSPHATE_EXTENT","PUBLISHED","2011","EMR","IRN","Not tested/reported","","","",""
"IR_ORGANOPHOSPHATE_EXTENT","PUBLISHED","2013","EMR","IRN","Not tested/reported","","","",""
"IR_ORGANOPHOSPHATE_EXTENT","PUBLISHED","2006","AFR","KEN","Not tested/reported","","","",""
"IR_ORGANOPHOSPHATE_EXTENT","PUBLISHED","2008","AFR","KEN","Not tested/reported","","","",""
"IR_ORGANOPHOSPHATE_EXTENT","PUBLISHED","2002","WPR","LAO","Not tested/reported","","","",""
"IR_ORGANOPHOSPHATE_EXTENT","PUBLISHED","2008","WPR","LAO","Not tested/reported","","","",""
"IR_ORGANOPHOSPHATE_EXTENT","PUBLISHED","2009","WPR","LAO","Not tested/reported","","","",""
"IR_ORGANOPHOSPHATE_EXTENT","PUBLISHED","2010","AFR","LBR","Not tested/reported","","","",""
"IR_ORGANOPHOSPHATE_EXTENT","PUBLISHED","2002","AFR","MDG","Not tested/reported","","","",""
"IR_ORGANOPHOSPHATE_EXTENT","PUBLISHED","2000","AFR","MWI","Not tested/reported","","","",""
"IR_ORGANOPHOSPHATE_EXTENT","PUBLISHED","2011","AFR","MWI","Not tested/reported","","","",""
"IR_ORGANOPHOSPHATE_EXTENT","PUBLISHED","2006","WPR","MYS","Not tested/reported","","","",""
"IR_ORGANOPHOSPHATE_EXTENT","PUBLISHED","2008","WPR","MYS","Not tested/reported","","","",""
"IR_ORGANOPHOSPHATE_EXTENT","PUBLISHED","2001","AFR","MLI","Not tested/reported","","","",""
"IR_ORGANOPHOSPHATE_EXTENT","PUBLISHED","2001","AFR","MRT","Not tested/reported","","","",""
"IR_ORGANOPHOSPHATE_EXTENT","PUBLISHED","2006","AFR","MRT","Not tested/reported","","","",""
"IR_ORGANOPHOSPHATE_EXTENT","PUBLISHED","2007","AFR","MRT","Not tested/reported","","","",""
"IR_ORGANOPHOSPHATE_EXTENT","PUBLISHED","2008","AFR","MRT","Not tested/reported","","","",""
"IR_ORGANOPHOSPHATE_EXTENT","PUBLISHED","2000","AMR","MEX","Not tested/reported","","","",""
"IR_ORGANOPHOSPHATE_EXTENT","PUBLISHED","2002","AMR","MEX","Not tested/reported","","","",""
"IR_ORGANOPHOSPHATE_EXTENT","PUBLISHED","2011","AMR","MEX","Not tested/reported","","","",""
"IR_ORGANOPHOSPHATE_EXTENT","PUBLISHED","2004","AFR","MOZ","Not tested/reported","","","",""
"IR_ORGANOPHOSPHATE_EXTENT","PUBLISHED","2006","AFR","MOZ","Not tested/reported","","","",""
"IR_ORGANOPHOSPHATE_EXTENT","PUBLISHED","2003","SEAR","MMR","Not tested/reported","","","",""
"IR_ORGANOPHOSPHATE_EXTENT","PUBLISHED","2010","SEAR","MMR","Not tested/reported","","","",""
"IR_ORGANOPHOSPHATE_EXTENT","PUBLISHED","2013","SEAR","MMR","Not tested/reported","","","",""
"IR_ORGANOPHOSPHATE_EXTENT","PUBLISHED","2001","AFR","NAM","Not tested/reported","","","",""
"IR_ORGANOPHOSPHATE_EXTENT","PUBLISHED","2006","AFR","NAM","Not tested/reported","","","",""
"IR_ORGANOPHOSPHATE_EXTENT","PUBLISHED","2007","AFR","NAM","Not tested/reported","","","",""
"IR_ORGANOPHOSPHATE_EXTENT","PUBLISHED","2009","AFR","NAM","Not tested/reported","","","",""
"IR_ORGANOPHOSPHATE_EXTENT","PUBLISHED","2003","SEAR","NPL","Not tested/reported","","","",""
"IR_ORGANOPHOSPHATE_EXTENT","PUBLISHED","2000","AMR","NIC","Not tested/reported","","","",""
"IR_ORGANOPHOSPHATE_EXTENT","PUBLISHED","2002","AFR","NER","Not tested/reported","","","",""
"IR_ORGANOPHOSPHATE_EXTENT","PUBLISHED","2009","AFR","NER","Not tested/reported","","","",""
"IR_ORGANOPHOSPHATE_EXTENT","PUBLISHED","2010","AFR","NER","Not tested/reported","","","",""
"IR_ORGANOPHOSPHATE_EXTENT","PUBLISHED","2004","AFR","NGA","Not tested/reported","","","",""
"IR_ORGANOPHOSPHATE_EXTENT","PUBLISHED","2006","AFR","NGA","Not tested/reported","","","",""
"IR_ORGANOPHOSPHATE_EXTENT","PUBLISHED","2010","AMR","PAN","Not tested/reported","","","",""
"IR_ORGANOPHOSPHATE_EXTENT","PUBLISHED","2003","WPR","PNG","Not tested/reported","","","",""
"IR_ORGANOPHOSPHATE_EXTENT","PUBLISHED","2009","WPR","PNG","Not tested/reported","","","",""
"IR_ORGANOPHOSPHATE_EXTENT","PUBLISHED","2011","WPR","PNG","Not tested/reported","","","",""
"IR_ORGANOPHOSPHATE_EXTENT","PUBLISHED","2003","AMR","PRY","Not tested/reported","","","",""
"IR_ORGANOPHOSPHATE_EXTENT","PUBLISHED","2004","AMR","PRY","Not tested/reported","","","",""
"IR_ORGANOPHOSPHATE_EXTENT","PUBLISHED","2005","AMR","PRY","Not tested/reported","","","",""
"IR_ORGANOPHOSPHATE_EXTENT","PUBLISHED","2005","WPR","PNG","Not tested/reported","","","",""
"IR_ORGANOPHOSPHATE_EXTENT","PUBLISHED","2008","WPR","PNG","Not tested/reported","","","",""
"IR_ORGANOPHOSPHATE_EXTENT","PUBLISHED","2009","AMR","PRY","Not tested/reported","","","",""
"IR_ORGANOPHOSPHATE_EXTENT","PUBLISHED","2004","AMR","PER","Not tested/reported","","","",""
"IR_ORGANOPHOSPHATE_EXTENT","PUBLISHED","2005","AMR","PER","Not tested/reported","","","",""
"IR_ORGANOPHOSPHATE_EXTENT","PUBLISHED","2010","AMR","PER","Not tested/reported","","","",""
"IR_ORGANOPHOSPHATE_EXTENT","PUBLISHED","2008","WPR","PHL","Not tested/reported","","","",""
"IR_ORGANOPHOSPHATE_EXTENT","PUBLISHED","2004","WPR","KOR","Not tested/reported","","","",""
"IR_ORGANOPHOSPHATE_EXTENT","PUBLISHED","2009","WPR","KOR","Not tested/reported","","","",""
"IR_ORGANOPHOSPHATE_EXTENT","PUBLISHED","2010","WPR","KOR","Not tested/reported","","","",""
"IR_ORGANOPHOSPHATE_EXTENT","PUBLISHED","2011","WPR","KOR","Not tested/reported","","","",""
"IR_ORGANOPHOSPHATE_EXTENT","PUBLISHED","2012","WPR","KOR","Not tested/reported","","","",""
"IR_ORGANOPHOSPHATE_EXTENT","PUBLISHED","2006","AFR","RWA","Not tested/reported","","","",""
"IR_ORGANOPHOSPHATE_EXTENT","PUBLISHED","2010","AFR","STP","Not tested/reported","","","",""
"IR_ORGANOPHOSPHATE_EXTENT","PUBLISHED","2013","AFR","STP","Not tested/reported","","","",""
"IR_ORGANOPHOSPHATE_EXTENT","PUBLISHED","2002","AFR","SLE","Not tested/reported","","","",""
"IR_ORGANOPHOSPHATE_EXTENT","PUBLISHED","2004","AFR","SLE","Not tested/reported","","","",""
"IR_ORGANOPHOSPHATE_EXTENT","PUBLISHED","2011","AFR","SLE","Not tested/reported","","","",""
"IR_ORGANOPHOSPHATE_EXTENT","PUBLISHED","2005","WPR","SLB","Not tested/reported","","","",""
"IR_ORGANOPHOSPHATE_EXTENT","PUBLISHED","2007","WPR","SLB","Not tested/reported","","","",""
"IR_ORGANOPHOSPHATE_EXTENT","PUBLISHED","2013","WPR","SLB","Not tested/reported","","","",""
"IR_ORGANOPHOSPHATE_EXTENT","PUBLISHED","2007","EMR","SOM","Not tested/reported","","","",""
"IR_ORGANOPHOSPHATE_EXTENT","PUBLISHED","2002","AFR","SSD","Not tested/reported","","","",""
"IR_ORGANOPHOSPHATE_EXTENT","PUBLISHED","2011","AFR","SSD","Not tested/reported","","","",""
"IR_ORGANOPHOSPHATE_EXTENT","PUBLISHED","2001","AMR","SUR","Not tested/reported","","","",""
"IR_ORGANOPHOSPHATE_EXTENT","PUBLISHED","2006","AMR","SUR","Not tested/reported","","","",""
"IR_ORGANOPHOSPHATE_EXTENT","PUBLISHED","2009","AMR","SUR","Not tested/reported","","","",""
"IR_ORGANOPHOSPHATE_EXTENT","PUBLISHED","2001","AFR","SWZ","Not tested/reported","","","",""
"IR_ORGANOPHOSPHATE_EXTENT","PUBLISHED","2005","AFR","SWZ","Not tested/reported","","","",""
"IR_ORGANOPHOSPHATE_EXTENT","PUBLISHED","2012","AFR","TGO","Not tested/reported","","","",""
"IR_ORGANOPHOSPHATE_EXTENT","PUBLISHED","2001","EUR","TUR","Not tested/reported","","","",""
"IR_ORGANOPHOSPHATE_EXTENT","PUBLISHED","2011","EUR","TUR","Not tested/reported","","","",""
"IR_ORGANOPHOSPHATE_EXTENT","PUBLISHED","2002","AFR","TZA","Not tested/reported","","","",""
"IR_ORGANOPHOSPHATE_EXTENT","PUBLISHED","2010","AFR","TZA","Not tested/reported","","","",""
"IR_ORGANOPHOSPHATE_EXTENT","PUBLISHED","2000","EUR","UZB","Not tested/reported","","","",""
"IR_ORGANOPHOSPHATE_EXTENT","PUBLISHED","2008","EUR","UZB","Not tested/reported","","","",""
"IR_ORGANOPHOSPHATE_EXTENT","PUBLISHED","2010","EUR","UZB","Not tested/reported","","","",""
"IR_ORGANOPHOSPHATE_EXTENT","PUBLISHED","2003","WPR","VUT","Not tested/reported","","","",""
"IR_ORGANOPHOSPHATE_EXTENT","PUBLISHED","2004","WPR","VUT","Not tested/reported","","","",""
"IR_ORGANOPHOSPHATE_EXTENT","PUBLISHED","2010","WPR","VUT","Not tested/reported","","","",""
"IR_ORGANOPHOSPHATE_EXTENT","PUBLISHED","2011","WPR","VUT","Not tested/reported","","","",""
"IR_ORGANOPHOSPHATE_EXTENT","PUBLISHED","2012","WPR","VUT","Not tested/reported","","","",""
"IR_ORGANOPHOSPHATE_EXTENT","PUBLISHED","2006","AMR","VEN","Not tested/reported","","","",""
"IR_ORGANOPHOSPHATE_EXTENT","PUBLISHED","2007","AMR","VEN","Not tested/reported","","","",""
"IR_ORGANOPHOSPHATE_EXTENT","PUBLISHED","2000","WPR","VNM","Not tested/reported","","","",""
"IR_ORGANOPHOSPHATE_EXTENT","PUBLISHED","2002","WPR","VNM","Not tested/reported","","","",""
"IR_ORGANOPHOSPHATE_EXTENT","PUBLISHED","2009","WPR","VNM","Not tested/reported","","","",""
"IR_ORGANOPHOSPHATE_EXTENT","PUBLISHED","2007","AFR","ZMB","Not tested/reported","","","",""
"IR_ORGANOPHOSPHATE_EXTENT","PUBLISHED","2010","AFR","ZMB","Not tested/reported","","","",""
"IR_ORGANOPHOSPHATE_EXTENT","PUBLISHED","2007","AFR","ZWE","Not tested/reported","","","",""
"IR_ORGANOPHOSPHATE_EXTENT","PUBLISHED","2012","WPR","MYS","Not tested/reported","","","",""
"IR_ORGANOPHOSPHATE_EXTENT","PUBLISHED","2013","WPR","MYS","Not tested/reported","","","",""
"IR_ORGANOPHOSPHATE_EXTENT","PUBLISHED","2005","AFR","MLI","Not tested/reported","","","",""
"IR_ORGANOPHOSPHATE_EXTENT","PUBLISHED","2006","AFR","MLI","Not tested/reported","","","",""
"IR_ORGANOPHOSPHATE_EXTENT","PUBLISHED","2003","AFR","MRT","Not tested/reported","","","",""
"IR_ORGANOPHOSPHATE_EXTENT","PUBLISHED","2005","AFR","MRT","Not tested/reported","","","",""
"IR_ORGANOPHOSPHATE_EXTENT","PUBLISHED","2012","AFR","MRT","Not tested/reported","","","",""
"IR_ORGANOPHOSPHATE_EXTENT","PUBLISHED","2007","AMR","MEX","Not tested/reported","","","",""
"IR_ORGANOPHOSPHATE_EXTENT","PUBLISHED","2013","AMR","MEX","Not tested/reported","","","",""
"IR_ORGANOPHOSPHATE_EXTENT","PUBLISHED","2008","SEAR","MMR","Not tested/reported","","","",""
"IR_ORGANOPHOSPHATE_EXTENT","PUBLISHED","2004","AFR","NAM","Not tested/reported","","","",""
"IR_ORGANOPHOSPHATE_EXTENT","PUBLISHED","2010","SEAR","NPL","Not tested/reported","","","",""
"IR_ORGANOPHOSPHATE_EXTENT","PUBLISHED","2001","AMR","NIC","Not tested/reported","","","",""
"IR_ORGANOPHOSPHATE_EXTENT","PUBLISHED","2003","AMR","NIC","Not tested/reported","","","",""
"IR_ORGANOPHOSPHATE_EXTENT","PUBLISHED","2009","AMR","NIC","Not tested/reported","","","",""
"IR_ORGANOPHOSPHATE_EXTENT","PUBLISHED","2000","AFR","NER","Not tested/reported","","","",""
"IR_ORGANOPHOSPHATE_EXTENT","PUBLISHED","2008","AFR","NER","Not tested/reported","","","",""
"IR_ORGANOPHOSPHATE_EXTENT","PUBLISHED","2000","AFR","NGA","Not tested/reported","","","",""
"IR_ORGANOPHOSPHATE_EXTENT","PUBLISHED","2002","AFR","NGA","Not tested/reported","","","",""
"IR_ORGANOPHOSPHATE_EXTENT","PUBLISHED","2008","AFR","NGA","Not tested/reported","","","",""
"IR_ORGANOPHOSPHATE_EXTENT","PUBLISHED","2010","AFR","NGA","Not tested/reported","","","",""
"IR_ORGANOPHOSPHATE_EXTENT","PUBLISHED","2004","AMR","PAN","Not tested/reported","","","",""
"IR_ORGANOPHOSPHATE_EXTENT","PUBLISHED","2012","AMR","PAN","Not tested/reported","","","",""
"IR_ORGANOPHOSPHATE_EXTENT","PUBLISHED","2013","AMR","PAN","Not tested/reported","","","",""
"IR_ORGANOPHOSPHATE_EXTENT","PUBLISHED","2006","WPR","PNG","Not tested/reported","","","",""
"IR_ORGANOPHOSPHATE_EXTENT","PUBLISHED","2007","WPR","PNG","Not tested/reported","","","",""
"IR_ORGANOPHOSPHATE_EXTENT","PUBLISHED","2013","WPR","PNG","Not tested/reported","","","",""
"IR_ORGANOPHOSPHATE_EXTENT","PUBLISHED","2000","AMR","PRY","Not tested/reported","","","",""
"IR_ORGANOPHOSPHATE_EXTENT","PUBLISHED","2001","AMR","PRY","Not tested/reported","","","",""
"IR_ORGANOPHOSPHATE_EXTENT","PUBLISHED","2008","AMR","PRY","Not tested/reported","","","",""
"IR_ORGANOPHOSPHATE_EXTENT","PUBLISHED","2010","AMR","PRY","Not tested/reported","","","",""
"IR_ORGANOPHOSPHATE_EXTENT","PUBLISHED","2003","AMR","PER","Not tested/reported","","","",""
"IR_ORGANOPHOSPHATE_EXTENT","PUBLISHED","2005","WPR","PHL","Not tested/reported","","","",""
"IR_ORGANOPHOSPHATE_EXTENT","PUBLISHED","2001","WPR","KOR","Not tested/reported","","","",""
"IR_ORGANOPHOSPHATE_EXTENT","PUBLISHED","2003","WPR","KOR","Not tested/reported","","","",""
"IR_ORGANOPHOSPHATE_EXTENT","PUBLISHED","2004","AFR","RWA","Not tested/reported","","","",""
"IR_ORGANOPHOSPHATE_EXTENT","PUBLISHED","2003","AFR","STP","Not tested/reported","","","",""
"IR_ORGANOPHOSPHATE_EXTENT","PUBLISHED","2009","AFR","STP","Not tested/reported","","","",""
"IR_ORGANOPHOSPHATE_EXTENT","PUBLISHED","2011","AFR","STP","Not tested/reported","","","",""
"IR_ORGANOPHOSPHATE_EXTENT","PUBLISHED","2012","AFR","STP","Not tested/reported","","","",""
"IR_ORGANOPHOSPHATE_EXTENT","PUBLISHED","2004","EMR","SAU","Not tested/reported","","","",""
"IR_ORGANOPHOSPHATE_EXTENT","PUBLISHED","2006","EMR","SAU","Not tested/reported","","","",""
"IR_ORGANOPHOSPHATE_EXTENT","PUBLISHED","2007","EMR","SAU","Not tested/reported","","","",""
"IR_ORGANOPHOSPHATE_EXTENT","PUBLISHED","2008","EMR","SAU","Not tested/reported","","","",""
"IR_ORGANOPHOSPHATE_EXTENT","PUBLISHED","2000","AFR","SEN","Not tested/reported","","","",""
"IR_ORGANOPHOSPHATE_EXTENT","PUBLISHED","2003","AFR","SEN","Not tested/reported","","","",""
"IR_ORGANOPHOSPHATE_EXTENT","PUBLISHED","2009","AFR","SLE","Not tested/reported","","","",""
"IR_ORGANOPHOSPHATE_EXTENT","PUBLISHED","2004","WPR","SLB","Not tested/reported","","","",""
"IR_ORGANOPHOSPHATE_EXTENT","PUBLISHED","2006","WPR","SLB","Not tested/reported","","","",""
"IR_ORGANOPHOSPHATE_EXTENT","PUBLISHED","2005","AFR","ZAF","Not tested/reported","","","",""
"IR_ORGANOPHOSPHATE_EXTENT","PUBLISHED","2006","AFR","ZAF","Not tested/reported","","","",""
"IR_ORGANOPHOSPHATE_EXTENT","PUBLISHED","2007","AFR","ZAF","Not tested/reported","","","",""
"IR_ORGANOPHOSPHATE_EXTENT","PUBLISHED","2000","AFR","SSD","Not tested/reported","","","",""
"IR_ORGANOPHOSPHATE_EXTENT","PUBLISHED","2003","AFR","SSD","Not tested/reported","","","",""
"IR_ORGANOPHOSPHATE_EXTENT","PUBLISHED","2008","AFR","SSD","Not tested/reported","","","",""
"IR_ORGANOPHOSPHATE_EXTENT","PUBLISHED","2009","AFR","SSD","Not tested/reported","","","",""
"IR_ORGANOPHOSPHATE_EXTENT","PUBLISHED","2010","AFR","SSD","Not tested/reported","","","",""
"IR_ORGANOPHOSPHATE_EXTENT","PUBLISHED","2007","SEAR","LKA","Not tested/reported","","","",""
"IR_ORGANOPHOSPHATE_EXTENT","PUBLISHED","2009","SEAR","LKA","Not tested/reported","","","",""
"IR_ORGANOPHOSPHATE_EXTENT","PUBLISHED","2010","SEAR","LKA","Not tested/reported","","","",""
"IR_ORGANOPHOSPHATE_EXTENT","PUBLISHED","2013","EMR","SDN","Not tested/reported","","","",""
"IR_ORGANOPHOSPHATE_EXTENT","PUBLISHED","2007","AMR","SUR","Not tested/reported","","","",""
"IR_ORGANOPHOSPHATE_EXTENT","PUBLISHED","2008","AMR","SUR","Not tested/reported","","","",""
"IR_ORGANOPHOSPHATE_EXTENT","PUBLISHED","2002","AFR","SWZ","Not tested/reported","","","",""
"IR_ORGANOPHOSPHATE_EXTENT","PUBLISHED","2003","AFR","SWZ","Not tested/reported","","","",""
"IR_ORGANOPHOSPHATE_EXTENT","PUBLISHED","2011","AFR","SWZ","Not tested/reported","","","",""
"IR_ORGANOPHOSPHATE_EXTENT","PUBLISHED","2013","AFR","SWZ","Not tested/reported","","","",""
"IR_ORGANOPHOSPHATE_EXTENT","PUBLISHED","2004","EUR","TJK","Not tested/reported","","","",""
"IR_ORGANOPHOSPHATE_EXTENT","PUBLISHED","2006","EUR","TJK","Not tested/reported","","","",""
"IR_ORGANOPHOSPHATE_EXTENT","PUBLISHED","2008","EUR","TJK","Not tested/reported","","","",""
"IR_ORGANOPHOSPHATE_EXTENT","PUBLISHED","2004","SEAR","THA","Not tested/reported","","","",""
"IR_ORGANOPHOSPHATE_EXTENT","PUBLISHED","2006","SEAR","THA","Not tested/reported","","","",""
"IR_ORGANOPHOSPHATE_EXTENT","PUBLISHED","2005","SEAR","TLS","Not tested/reported","","","",""
"IR_ORGANOPHOSPHATE_EXTENT","PUBLISHED","2006","SEAR","TLS","Not tested/reported","","","",""
"IR_ORGANOPHOSPHATE_EXTENT","PUBLISHED","2007","SEAR","TLS","Not tested/reported","","","",""
"IR_ORGANOPHOSPHATE_EXTENT","PUBLISHED","2008","SEAR","TLS","Not tested/reported","","","",""
"IR_ORGANOPHOSPHATE_EXTENT","PUBLISHED","2002","AFR","TGO","Not tested/reported","","","",""
"IR_ORGANOPHOSPHATE_EXTENT","PUBLISHED","2003","AFR","TGO","Not tested/reported","","","",""
"IR_ORGANOPHOSPHATE_EXTENT","PUBLISHED","2004","AFR","TGO","Not tested/reported","","","",""
"IR_ORGANOPHOSPHATE_EXTENT","PUBLISHED","2006","EUR","TUR","Not tested/reported","","","",""
"IR_ORGANOPHOSPHATE_EXTENT","PUBLISHED","2010","EUR","TUR","Not tested/reported","","","",""
"IR_ORGANOPHOSPHATE_EXTENT","PUBLISHED","2003","AFR","UGA","Not tested/reported","","","",""
"IR_ORGANOPHOSPHATE_EXTENT","PUBLISHED","2004","AFR","UGA","Not tested/reported","","","",""
"IR_ORGANOPHOSPHATE_EXTENT","PUBLISHED","2005","AFR","UGA","Not tested/reported","","","",""
"IR_ORGANOPHOSPHATE_EXTENT","PUBLISHED","2004","AFR","TZA","Not tested/reported","","","",""
"IR_ORGANOPHOSPHATE_EXTENT","PUBLISHED","2002","EUR","UZB","Not tested/reported","","","",""
"IR_ORGANOPHOSPHATE_EXTENT","PUBLISHED","2009","EUR","UZB","Not tested/reported","","","",""
"IR_ORGANOPHOSPHATE_EXTENT","PUBLISHED","2002","WPR","VUT","Not tested/reported","","","",""
"IR_ORGANOPHOSPHATE_EXTENT","PUBLISHED","2005","WPR","VUT","Not tested/reported","","","",""
"IR_ORGANOPHOSPHATE_EXTENT","PUBLISHED","2000","AMR","VEN","Not tested/reported","","","",""
"IR_ORGANOPHOSPHATE_EXTENT","PUBLISHED","2005","AMR","VEN","Not tested/reported","","","",""
"IR_ORGANOPHOSPHATE_EXTENT","PUBLISHED","2008","AMR","VEN","Not tested/reported","","","",""
"IR_ORGANOPHOSPHATE_EXTENT","PUBLISHED","2001","WPR","VNM","Not tested/reported","","","",""
"IR_ORGANOPHOSPHATE_EXTENT","PUBLISHED","2007","WPR","VNM","Not tested/reported","","","",""
"IR_ORGANOPHOSPHATE_EXTENT","PUBLISHED","2002","EMR","YEM","Not tested/reported","","","",""
"IR_ORGANOPHOSPHATE_EXTENT","PUBLISHED","2003","EMR","YEM","Not tested/reported","","","",""
"IR_ORGANOPHOSPHATE_EXTENT","PUBLISHED","2004","EMR","YEM","Not tested/reported","","","",""
"IR_ORGANOPHOSPHATE_EXTENT","PUBLISHED","2005","EMR","YEM","Not tested/reported","","","",""
"IR_ORGANOPHOSPHATE_EXTENT","PUBLISHED","2010","EMR","YEM","Not tested/reported","","","",""
"IR_ORGANOPHOSPHATE_EXTENT","PUBLISHED","2012","EMR","YEM","Not tested/reported","","","",""
"IR_ORGANOPHOSPHATE_EXTENT","PUBLISHED","2008","AFR","ZMB","Not tested/reported","","","",""
"IR_ORGANOPHOSPHATE_EXTENT","PUBLISHED","2004","AFR","ZWE","Not tested/reported","","","",""
"IR_ORGANOPHOSPHATE_EXTENT","PUBLISHED","2005","AFR","ZWE","Not tested/reported","","","",""
"IR_ORGANOPHOSPHATE_EXTENT","PUBLISHED","2013","AMR","PRY","Not tested/reported","","","",""
"IR_ORGANOPHOSPHATE_EXTENT","PUBLISHED","2007","AMR","PER","Not tested/reported","","","",""
"IR_ORGANOPHOSPHATE_EXTENT","PUBLISHED","2008","AMR","PER","Not tested/reported","","","",""
"IR_ORGANOPHOSPHATE_EXTENT","PUBLISHED","2000","WPR","PHL","Not tested/reported","","","",""
"IR_ORGANOPHOSPHATE_EXTENT","PUBLISHED","2001","WPR","PHL","Not tested/reported","","","",""
"IR_ORGANOPHOSPHATE_EXTENT","PUBLISHED","2003","WPR","PHL","Not tested/reported","","","",""
"IR_ORGANOPHOSPHATE_EXTENT","PUBLISHED","2013","WPR","PHL","Not tested/reported","","","",""
"IR_ORGANOPHOSPHATE_EXTENT","PUBLISHED","2007","WPR","KOR","Not tested/reported","","","",""
"IR_ORGANOPHOSPHATE_EXTENT","PUBLISHED","2005","AFR","STP","Not tested/reported","","","",""
"IR_ORGANOPHOSPHATE_EXTENT","PUBLISHED","2006","AFR","STP","Not tested/reported","","","",""
"IR_ORGANOPHOSPHATE_EXTENT","PUBLISHED","2000","EMR","SAU","Not tested/reported","","","",""
"IR_ORGANOPHOSPHATE_EXTENT","PUBLISHED","2007","AFR","SEN","Not tested/reported","","","",""
"IR_ORGANOPHOSPHATE_EXTENT","PUBLISHED","2005","AFR","SLE","Not tested/reported","","","",""
"IR_ORGANOPHOSPHATE_EXTENT","PUBLISHED","2007","AFR","SLE","Not tested/reported","","","",""
"IR_ORGANOPHOSPHATE_EXTENT","PUBLISHED","2008","AFR","SLE","Not tested/reported","","","",""
"IR_ORGANOPHOSPHATE_EXTENT","PUBLISHED","2001","WPR","SLB","Not tested/reported","","","",""
"IR_ORGANOPHOSPHATE_EXTENT","PUBLISHED","2009","WPR","SLB","Not tested/reported","","","",""
"IR_ORGANOPHOSPHATE_EXTENT","PUBLISHED","2010","WPR","SLB","Not tested/reported","","","",""
"IR_ORGANOPHOSPHATE_EXTENT","PUBLISHED","2011","WPR","SLB","Not tested/reported","","","",""
"IR_ORGANOPHOSPHATE_EXTENT","PUBLISHED","2003","EMR","SOM","Not tested/reported","","","",""
"IR_ORGANOPHOSPHATE_EXTENT","PUBLISHED","2004","EMR","SOM","Not tested/reported","","","",""
"IR_ORGANOPHOSPHATE_EXTENT","PUBLISHED","2004","AFR","ZAF","Not tested/reported","","","",""
"IR_ORGANOPHOSPHATE_EXTENT","PUBLISHED","2010","AFR","ZAF","Not tested/reported","","","",""
"IR_ORGANOPHOSPHATE_EXTENT","PUBLISHED","2011","AFR","ZAF","Not tested/reported","","","",""
"IR_ORGANOPHOSPHATE_EXTENT","PUBLISHED","2006","AFR","SSD","Not tested/reported","","","",""
"IR_ORGANOPHOSPHATE_EXTENT","PUBLISHED","2013","AFR","SSD","Not tested/reported","","","",""
"IR_ORGANOPHOSPHATE_EXTENT","PUBLISHED","2002","EMR","SDN","Not tested/reported","","","",""
"IR_ORGANOPHOSPHATE_EXTENT","PUBLISHED","2003","EMR","SDN","Not tested/reported","","","",""
"IR_ORGANOPHOSPHATE_EXTENT","PUBLISHED","2004","AMR","SUR","Not tested/reported","","","",""
"IR_ORGANOPHOSPHATE_EXTENT","PUBLISHED","2005","AMR","SUR","Not tested/reported","","","",""
"IR_ORGANOPHOSPHATE_EXTENT","PUBLISHED","2000","AFR","SWZ","Not tested/reported","","","",""
"IR_ORGANOPHOSPHATE_EXTENT","PUBLISHED","2006","AFR","SWZ","Not tested/reported","","","",""
"IR_ORGANOPHOSPHATE_EXTENT","PUBLISHED","2008","AFR","SWZ","Not tested/reported","","","",""
"IR_ORGANOPHOSPHATE_EXTENT","PUBLISHED","2009","AFR","SWZ","Not tested/reported","","","",""
"IR_ORGANOPHOSPHATE_EXTENT","PUBLISHED","2007","SEAR","THA","Not tested/reported","","","",""
"IR_ORGANOPHOSPHATE_EXTENT","PUBLISHED","2008","SEAR","THA","Not tested/reported","","","",""
"IR_ORGANOPHOSPHATE_EXTENT","PUBLISHED","2010","SEAR","THA","Not tested/reported","","","",""
"IR_ORGANOPHOSPHATE_EXTENT","PUBLISHED","2001","SEAR","TLS","Not tested/reported","","","",""
"IR_ORGANOPHOSPHATE_EXTENT","PUBLISHED","2003","SEAR","TLS","Not tested/reported","","","",""
"IR_ORGANOPHOSPHATE_EXTENT","PUBLISHED","2011","SEAR","TLS","Not tested/reported","","","",""
"IR_ORGANOPHOSPHATE_EXTENT","PUBLISHED","2000","AFR","TGO","Not tested/reported","","","",""
"IR_ORGANOPHOSPHATE_EXTENT","PUBLISHED","2005","AFR","TGO","Not tested/reported","","","",""
"IR_ORGANOPHOSPHATE_EXTENT","PUBLISHED","2006","AFR","TGO","Not tested/reported","","","",""
"IR_ORGANOPHOSPHATE_EXTENT","PUBLISHED","2007","AFR","TGO","Not tested/reported","","","",""
"IR_ORGANOPHOSPHATE_EXTENT","PUBLISHED","2002","EUR","TUR","Not tested/reported","","","",""
"IR_ORGANOPHOSPHATE_EXTENT","PUBLISHED","2003","EUR","TUR","Not tested/reported","","","",""
"IR_ORGANOPHOSPHATE_EXTENT","PUBLISHED","2004","EUR","TUR","Not tested/reported","","","",""
"IR_ORGANOPHOSPHATE_EXTENT","PUBLISHED","2012","EUR","TUR","Not tested/reported","","","",""
"IR_ORGANOPHOSPHATE_EXTENT","PUBLISHED","2000","AFR","UGA","Not tested/reported","","","",""
"IR_ORGANOPHOSPHATE_EXTENT","PUBLISHED","2010","AFR","UGA","Not tested/reported","","","",""
"IR_ORGANOPHOSPHATE_EXTENT","PUBLISHED","2001","AFR","TZA","Not tested/reported","","","",""
"IR_ORGANOPHOSPHATE_EXTENT","PUBLISHED","2007","AFR","TZA","Not tested/reported","","","",""
"IR_ORGANOPHOSPHATE_EXTENT","PUBLISHED","2006","EUR","UZB","Not tested/reported","","","",""
"IR_ORGANOPHOSPHATE_EXTENT","PUBLISHED","2012","EUR","UZB","Not tested/reported","","","",""
"IR_ORGANOPHOSPHATE_EXTENT","PUBLISHED","2006","WPR","VUT","Not tested/reported","","","",""
"IR_ORGANOPHOSPHATE_EXTENT","PUBLISHED","2007","WPR","VUT","Not tested/reported","","","",""
"IR_ORGANOPHOSPHATE_EXTENT","PUBLISHED","2009","WPR","VUT","Not tested/reported","","","",""
"IR_ORGANOPHOSPHATE_EXTENT","PUBLISHED","2003","AMR","VEN","Not tested/reported","","","",""
"IR_ORGANOPHOSPHATE_EXTENT","PUBLISHED","2011","AMR","VEN","Not tested/reported","","","",""
"IR_ORGANOPHOSPHATE_EXTENT","PUBLISHED","2003","WPR","VNM","Not tested/reported","","","",""
"IR_ORGANOPHOSPHATE_EXTENT","PUBLISHED","2012","WPR","VNM","Not tested/reported","","","",""
"IR_ORGANOPHOSPHATE_EXTENT","PUBLISHED","2001","EMR","YEM","Not tested/reported","","","",""
"IR_ORGANOPHOSPHATE_EXTENT","PUBLISHED","2003","AFR","ZWE","Not tested/reported","","","",""
"IR_ORGANOPHOSPHATE_EXTENT","PUBLISHED","2010","AFR","ZWE","Not tested/reported","","","",""
"IR_ORGANOPHOSPHATE_EXTENT","PUBLISHED","2002","AMR","HTI","Not tested/reported","","","",""
"IR_ORGANOPHOSPHATE_EXTENT","PUBLISHED","2003","AMR","HTI","Not tested/reported","","","",""
"IR_ORGANOPHOSPHATE_EXTENT","PUBLISHED","2004","AMR","HND","Not tested/reported","","","",""
"IR_ORGANOPHOSPHATE_EXTENT","PUBLISHED","2005","AMR","HND","Not tested/reported","","","",""
"IR_ORGANOPHOSPHATE_EXTENT","PUBLISHED","2007","AMR","HND","Not tested/reported","","","",""
"IR_ORGANOPHOSPHATE_EXTENT","PUBLISHED","2001","SEAR","IDN","Not tested/reported","","","",""
"IR_ORGANOPHOSPHATE_EXTENT","PUBLISHED","2003","EMR","IRN","Not tested/reported","","","",""
"IR_ORGANOPHOSPHATE_EXTENT","PUBLISHED","2000","AFR","KEN","Not tested/reported","","","",""
"IR_ORGANOPHOSPHATE_EXTENT","PUBLISHED","2003","AFR","KEN","Not tested/reported","","","",""
"IR_ORGANOPHOSPHATE_EXTENT","PUBLISHED","2000","EUR","KGZ","Not tested/reported","","","",""
"IR_ORGANOPHOSPHATE_EXTENT","PUBLISHED","2003","EUR","KGZ","Not tested/reported","","","",""
"IR_ORGANOPHOSPHATE_EXTENT","PUBLISHED","2011","EUR","KGZ","Not tested/reported","","","",""
"IR_ORGANOPHOSPHATE_EXTENT","PUBLISHED","2012","EUR","KGZ","Not tested/reported","","","",""
"IR_ORGANOPHOSPHATE_EXTENT","PUBLISHED","2003","WPR","LAO","Not tested/reported","","","",""
"IR_ORGANOPHOSPHATE_EXTENT","PUBLISHED","2004","WPR","LAO","Not tested/reported","","","",""
"IR_ORGANOPHOSPHATE_EXTENT","PUBLISHED","2005","WPR","LAO","Not tested/reported","","","",""
"IR_ORGANOPHOSPHATE_EXTENT","PUBLISHED","2006","AFR","LBR","Not tested/reported","","","",""
"IR_ORGANOPHOSPHATE_EXTENT","PUBLISHED","2003","AFR","MDG","Not tested/reported","","","",""
"IR_ORGANOPHOSPHATE_EXTENT","PUBLISHED","2007","AFR","MDG","Not tested/reported","","","",""
"IR_ORGANOPHOSPHATE_EXTENT","PUBLISHED","2005","AFR","MWI","Not tested/reported","","","",""
"IR_ORGANOPHOSPHATE_EXTENT","PUBLISHED","2004","WPR","MYS","Not tested/reported","","","",""
"IR_ORGANOPHOSPHATE_EXTENT","PUBLISHED","2007","AFR","MLI","Not tested/reported","","","",""
"IR_ORGANOPHOSPHATE_EXTENT","PUBLISHED","2008","AFR","MLI","Not tested/reported","","","",""
"IR_ORGANOPHOSPHATE_EXTENT","PUBLISHED","2011","AFR","MRT","Not tested/reported","","","",""
"IR_ORGANOPHOSPHATE_EXTENT","PUBLISHED","2005","AMR","MEX","Not tested/reported","","","",""
"IR_ORGANOPHOSPHATE_EXTENT","PUBLISHED","2008","AMR","MEX","Not tested/reported","","","",""
"IR_ORGANOPHOSPHATE_EXTENT","PUBLISHED","2002","AFR","MOZ","Not tested/reported","","","",""
"IR_ORGANOPHOSPHATE_EXTENT","PUBLISHED","2003","AFR","MOZ","Not tested/reported","","","",""
"IR_ORGANOPHOSPHATE_EXTENT","PUBLISHED","2008","AFR","MOZ","Not tested/reported","","","",""
"IR_ORGANOPHOSPHATE_EXTENT","PUBLISHED","2010","AFR","MOZ","Not tested/reported","","","",""
"IR_ORGANOPHOSPHATE_EXTENT","PUBLISHED","2012","AFR","MOZ","Not tested/reported","","","",""
"IR_ORGANOPHOSPHATE_EXTENT","PUBLISHED","2007","SEAR","MMR","Not tested/reported","","","",""
"IR_ORGANOPHOSPHATE_EXTENT","PUBLISHED","2002","AFR","NAM","Not tested/reported","","","",""
"IR_ORGANOPHOSPHATE_EXTENT","PUBLISHED","2003","AFR","NAM","Not tested/reported","","","",""
"IR_ORGANOPHOSPHATE_EXTENT","PUBLISHED","2002","SEAR","NPL","Not tested/reported","","","",""
"IR_ORGANOPHOSPHATE_EXTENT","PUBLISHED","2009","SEAR","NPL","Not tested/reported","","","",""
"IR_ORGANOPHOSPHATE_EXTENT","PUBLISHED","2012","AMR","NIC","Not tested/reported","","","",""
"IR_ORGANOPHOSPHATE_EXTENT","PUBLISHED","2005","AFR","NER","Not tested/reported","","","",""
"IR_ORGANOPHOSPHATE_EXTENT","PUBLISHED","2006","AFR","NER","Not tested/reported","","","",""
"IR_ORGANOPHOSPHATE_EXTENT","PUBLISHED","2007","AFR","NER","Not tested/reported","","","",""
"IR_ORGANOPHOSPHATE_EXTENT","PUBLISHED","2003","AFR","NGA","Not tested/reported","","","",""
"IR_ORGANOPHOSPHATE_EXTENT","PUBLISHED","2000","EMR","PAK","Not tested/reported","","","",""
"IR_ORGANOPHOSPHATE_EXTENT","PUBLISHED","2006","EMR","PAK","Not tested/reported","","","",""
"IR_ORGANOPHOSPHATE_EXTENT","PUBLISHED","2002","AMR","PAN","Not tested/reported","","","",""
"IR_ORGANOPHOSPHATE_EXTENT","PUBLISHED","2011","AMR","PAN","Not tested/reported","","","",""
"IR_ORGANOPHOSPHATE_EXTENT","PUBLISHED","2000","WPR","PNG","Not tested/reported","","","",""
"IR_ORGANOPHOSPHATE_EXTENT","PUBLISHED","2002","AMR","PRY","Not tested/reported","","","",""
"IR_ORGANOPHOSPHATE_EXTENT","PUBLISHED","2011","AMR","PRY","Not tested/reported","","","",""
"IR_ORGANOPHOSPHATE_EXTENT","PUBLISHED","2002","AMR","PER","Not tested/reported","","","",""
"IR_ORGANOPHOSPHATE_EXTENT","PUBLISHED","2011","AMR","PER","Not tested/reported","","","",""
"IR_ORGANOPHOSPHATE_EXTENT","PUBLISHED","2012","AMR","PER","Not tested/reported","","","",""
"IR_ORGANOPHOSPHATE_EXTENT","PUBLISHED","2013","AMR","PER","Not tested/reported","","","",""
"IR_ORGANOPHOSPHATE_EXTENT","PUBLISHED","2009","WPR","PHL","Not tested/reported","","","",""
"IR_ORGANOPHOSPHATE_EXTENT","PUBLISHED","2010","WPR","PHL","Not tested/reported","","","",""
"IR_ORGANOPHOSPHATE_EXTENT","PUBLISHED","2002","WPR","KOR","Not tested/reported","","","",""
"IR_ORGANOPHOSPHATE_EXTENT","PUBLISHED","2013","WPR","KOR","Not tested/reported","","","",""
"IR_ORGANOPHOSPHATE_EXTENT","PUBLISHED","2005","AFR","RWA","Not tested/reported","","","",""
"IR_ORGANOPHOSPHATE_EXTENT","PUBLISHED","2007","AFR","RWA","Not tested/reported","","","",""
"IR_ORGANOPHOSPHATE_EXTENT","PUBLISHED","2001","AFR","STP","Not tested/reported","","","",""
"IR_ORGANOPHOSPHATE_EXTENT","PUBLISHED","2002","AFR","STP","Not tested/reported","","","",""
"IR_ORGANOPHOSPHATE_EXTENT","PUBLISHED","2004","AFR","STP","Not tested/reported","","","",""
"IR_ORGANOPHOSPHATE_EXTENT","PUBLISHED","2013","EMR","SAU","Not tested/reported","","","",""
"IR_ORGANOPHOSPHATE_EXTENT","PUBLISHED","2001","AFR","SEN","Not tested/reported","","","",""
"IR_ORGANOPHOSPHATE_EXTENT","PUBLISHED","2001","AFR","SLE","Not tested/reported","","","",""
"IR_ORGANOPHOSPHATE_EXTENT","PUBLISHED","2003","AFR","SLE","Not tested/reported","","","",""
"IR_ORGANOPHOSPHATE_EXTENT","PUBLISHED","2012","AFR","SLE","Not tested/reported","","","",""
"IR_ORGANOPHOSPHATE_EXTENT","PUBLISHED","2013","AFR","SLE","Not tested/reported","","","",""
"IR_ORGANOPHOSPHATE_EXTENT","PUBLISHED","2000","EMR","SOM","Not tested/reported","","","",""
"IR_ORGANOPHOSPHATE_EXTENT","PUBLISHED","2001","EMR","SOM","Not tested/reported","","","",""
"IR_ORGANOPHOSPHATE_EXTENT","PUBLISHED","2002","EMR","SOM","Not tested/reported","","","",""
"IR_ORGANOPHOSPHATE_EXTENT","PUBLISHED","2008","EMR","SOM","Not tested/reported","","","",""
"IR_ORGANOPHOSPHATE_EXTENT","PUBLISHED","2013","EMR","SOM","Not tested/reported","","","",""
"IR_ORGANOPHOSPHATE_EXTENT","PUBLISHED","2000","AFR","ZAF","Not tested/reported","","","",""
"IR_ORGANOPHOSPHATE_EXTENT","PUBLISHED","2008","AFR","ZAF","Not tested/reported","","","",""
"IR_ORGANOPHOSPHATE_EXTENT","PUBLISHED","2001","AFR","SSD","Not tested/reported","","","",""
"IR_ORGANOPHOSPHATE_EXTENT","PUBLISHED","2011","SEAR","LKA","Not tested/reported","","","",""
"IR_ORGANOPHOSPHATE_EXTENT","PUBLISHED","2012","SEAR","LKA","Not tested/reported","","","",""
"IR_ORGANOPHOSPHATE_EXTENT","PUBLISHED","2012","EMR","SDN","Not tested/reported","","","",""
"IR_ORGANOPHOSPHATE_EXTENT","PUBLISHED","2000","AMR","SUR","Not tested/reported","","","",""
"IR_ORGANOPHOSPHATE_EXTENT","PUBLISHED","2004","AFR","SWZ","Not tested/reported","","","",""
"IR_ORGANOPHOSPHATE_EXTENT","PUBLISHED","2010","AFR","SWZ","Not tested/reported","","","",""
"IR_ORGANOPHOSPHATE_EXTENT","PUBLISHED","2012","AFR","SWZ","Not tested/reported","","","",""
"IR_ORGANOPHOSPHATE_EXTENT","PUBLISHED","2005","EUR","TJK","Not tested/reported","","","",""
"IR_ORGANOPHOSPHATE_EXTENT","PUBLISHED","2002","SEAR","THA","Not tested/reported","","","",""
"IR_ORGANOPHOSPHATE_EXTENT","PUBLISHED","2003","SEAR","THA","Not tested/reported","","","",""
"IR_ORGANOPHOSPHATE_EXTENT","PUBLISHED","2011","SEAR","THA","Not tested/reported","","","",""
"IR_ORGANOPHOSPHATE_EXTENT","PUBLISHED","2012","SEAR","THA","Not tested/reported","","","",""
"IR_ORGANOPHOSPHATE_EXTENT","PUBLISHED","2013","SEAR","THA","Not tested/reported","","","",""
"IR_ORGANOPHOSPHATE_EXTENT","PUBLISHED","2000","SEAR","TLS","Not tested/reported","","","",""
"IR_ORGANOPHOSPHATE_EXTENT","PUBLISHED","2001","AFR","TGO","Not tested/reported","","","",""
"IR_ORGANOPHOSPHATE_EXTENT","PUBLISHED","2010","AFR","TGO","Not tested/reported","","","",""
"IR_ORGANOPHOSPHATE_EXTENT","PUBLISHED","2000","EUR","TUR","Not tested/reported","","","",""
"IR_ORGANOPHOSPHATE_EXTENT","PUBLISHED","2009","EUR","TUR","Not tested/reported","","","",""
"IR_ORGANOPHOSPHATE_EXTENT","PUBLISHED","2006","AFR","UGA","Not tested/reported","","","",""
"IR_ORGANOPHOSPHATE_EXTENT","PUBLISHED","2003","AFR","TZA","Not tested/reported","","","",""
"IR_ORGANOPHOSPHATE_EXTENT","PUBLISHED","2005","AFR","TZA","Not tested/reported","","","",""
"IR_ORGANOPHOSPHATE_EXTENT","PUBLISHED","2001","EUR","UZB","Not tested/reported","","","",""
"IR_ORGANOPHOSPHATE_EXTENT","PUBLISHED","2003","EUR","UZB","Not tested/reported","","","",""
"IR_ORGANOPHOSPHATE_EXTENT","PUBLISHED","2011","EUR","UZB","Not tested/reported","","","",""
"IR_ORGANOPHOSPHATE_EXTENT","PUBLISHED","2013","WPR","VUT","Not tested/reported","","","",""
"IR_ORGANOPHOSPHATE_EXTENT","PUBLISHED","2013","AMR","VEN","Not tested/reported","","","",""
"IR_ORGANOPHOSPHATE_EXTENT","PUBLISHED","2008","WPR","VNM","Not tested/reported","","","",""
"IR_ORGANOPHOSPHATE_EXTENT","PUBLISHED","2010","WPR","VNM","Not tested/reported","","","",""
"IR_ORGANOPHOSPHATE_EXTENT","PUBLISHED","2011","WPR","VNM","Not tested/reported","","","",""
"IR_ORGANOPHOSPHATE_EXTENT","PUBLISHED","2011","EMR","YEM","Not tested/reported","","","",""
"IR_ORGANOPHOSPHATE_EXTENT","PUBLISHED","2013","EMR","YEM","Not tested/reported","","","",""
"IR_ORGANOPHOSPHATE_EXTENT","PUBLISHED","2006","AFR","ZMB","Not tested/reported","","","",""
"IR_ORGANOPHOSPHATE_EXTENT","PUBLISHED","2008","AFR","ZWE","Not tested/reported","","","",""
"IR_ORGANOPHOSPHATE_EXTENT","PUBLISHED","2004","AFR","LBR","Not tested/reported","","","",""
"IR_ORGANOPHOSPHATE_EXTENT","PUBLISHED","2005","AFR","LBR","Not tested/reported","","","",""
"IR_ORGANOPHOSPHATE_EXTENT","PUBLISHED","2000","AFR","MDG","Not tested/reported","","","",""
"IR_ORGANOPHOSPHATE_EXTENT","PUBLISHED","2001","AFR","MDG","Not tested/reported","","","",""
"IR_ORGANOPHOSPHATE_EXTENT","PUBLISHED","2002","AFR","MWI","Not tested/reported","","","",""
"IR_ORGANOPHOSPHATE_EXTENT","PUBLISHED","2003","AFR","MWI","Not tested/reported","","","",""
"IR_ORGANOPHOSPHATE_EXTENT","PUBLISHED","2000","WPR","MYS","Not tested/reported","","","",""
"IR_ORGANOPHOSPHATE_EXTENT","PUBLISHED","2001","WPR","MYS","Not tested/reported","","","",""
"IR_ORGANOPHOSPHATE_EXTENT","PUBLISHED","2002","AFR","MLI","Not tested/reported","","","",""
"IR_ORGANOPHOSPHATE_EXTENT","PUBLISHED","2003","AFR","MLI","Not tested/reported","","","",""
"IR_ORGANOPHOSPHATE_EXTENT","PUBLISHED","2010","AFR","MLI","Not tested/reported","","","",""
"IR_ORGANOPHOSPHATE_EXTENT","PUBLISHED","2011","AFR","MLI","Not tested/reported","","","",""
"IR_ORGANOPHOSPHATE_EXTENT","PUBLISHED","2000","AFR","MRT","Not tested/reported","","","",""
"IR_ORGANOPHOSPHATE_EXTENT","PUBLISHED","2009","AFR","MRT","Not tested/reported","","","",""
"IR_ORGANOPHOSPHATE_EXTENT","PUBLISHED","2009","AMR","MEX","Not tested/reported","","","",""
"IR_ORGANOPHOSPHATE_EXTENT","PUBLISHED","2010","AMR","MEX","Not tested/reported","","","",""
"IR_ORGANOPHOSPHATE_EXTENT","PUBLISHED","2005","AFR","MOZ","Not tested/reported","","","",""
"IR_ORGANOPHOSPHATE_EXTENT","PUBLISHED","2002","SEAR","MMR","Not tested/reported","","","",""
"IR_ORGANOPHOSPHATE_EXTENT","PUBLISHED","2004","SEAR","MMR","Not tested/reported","","","",""
"IR_ORGANOPHOSPHATE_EXTENT","PUBLISHED","2000","AFR","NAM","Not tested/reported","","","",""
"IR_ORGANOPHOSPHATE_EXTENT","PUBLISHED","2005","SEAR","NPL","Not tested/reported","","","",""
"IR_ORGANOPHOSPHATE_EXTENT","PUBLISHED","2006","SEAR","NPL","Not tested/reported","","","",""
"IR_ORGANOPHOSPHATE_EXTENT","PUBLISHED","2011","SEAR","NPL","Not tested/reported","","","",""
"IR_ORGANOPHOSPHATE_EXTENT","PUBLISHED","2012","SEAR","NPL","Not tested/reported","","","",""
"IR_ORGANOPHOSPHATE_EXTENT","PUBLISHED","2013","SEAR","NPL","Not tested/reported","","","",""
"IR_ORGANOPHOSPHATE_EXTENT","PUBLISHED","2006","AMR","NIC","Not tested/reported","","","",""
"IR_ORGANOPHOSPHATE_EXTENT","PUBLISHED","2007","AMR","NIC","Not tested/reported","","","",""
"IR_ORGANOPHOSPHATE_EXTENT","PUBLISHED","2008","AMR","NIC","Not tested/reported","","","",""
"IR_ORGANOPHOSPHATE_EXTENT","PUBLISHED","2003","AFR","NER","Not tested/reported","","","",""
"IR_ORGANOPHOSPHATE_EXTENT","PUBLISHED","2004","AFR","NER","Not tested/reported","","","",""
"IR_ORGANOPHOSPHATE_EXTENT","PUBLISHED","2012","AFR","NER","Not tested/reported","","","",""
"IR_ORGANOPHOSPHATE_EXTENT","PUBLISHED","2005","AFR","NGA","Not tested/reported","","","",""
"IR_ORGANOPHOSPHATE_EXTENT","PUBLISHED","2007","AFR","NGA","Not tested/reported","","","",""
"IR_ORGANOPHOSPHATE_EXTENT","PUBLISHED","2002","EMR","PAK","Not tested/reported","","","",""
"IR_ORGANOPHOSPHATE_EXTENT","PUBLISHED","2003","EMR","PAK","Not tested/reported","","","",""
"IR_ORGANOPHOSPHATE_EXTENT","PUBLISHED","2009","EMR","PAK","Not tested/reported","","","",""
"IR_ORGANOPHOSPHATE_EXTENT","PUBLISHED","2008","AMR","PAN","Not tested/reported","","","",""
"IR_ORGANOPHOSPHATE_EXTENT","PUBLISHED","2001","WPR","PNG","Not tested/reported","","","",""
"IR_ORGANOPHOSPHATE_EXTENT","PUBLISHED","2002","WPR","PNG","Not tested/reported","","","",""
"IR_ORGANOPHOSPHATE_EXTENT","PUBLISHED","2010","WPR","PNG","Not tested/reported","","","",""
"IR_ORGANOPHOSPHATE_EXTENT","PUBLISHED","2000","AMR","PER","Not tested/reported","","","",""
"IR_ORGANOPHOSPHATE_EXTENT","PUBLISHED","2001","AMR","PER","Not tested/reported","","","",""
"IR_ORGANOPHOSPHATE_EXTENT","PUBLISHED","2002","WPR","PHL","Not tested/reported","","","",""
"IR_ORGANOPHOSPHATE_EXTENT","PUBLISHED","2012","WPR","PHL","Not tested/reported","","","",""
"IR_ORGANOPHOSPHATE_EXTENT","PUBLISHED","2005","WPR","KOR","Not tested/reported","","","",""
"IR_ORGANOPHOSPHATE_EXTENT","PUBLISHED","2006","WPR","KOR","Not tested/reported","","","",""
"IR_ORGANOPHOSPHATE_EXTENT","PUBLISHED","2000","AFR","STP","Not tested/reported","","","",""
"IR_ORGANOPHOSPHATE_EXTENT","PUBLISHED","2001","EMR","SAU","Not tested/reported","","","",""
"IR_ORGANOPHOSPHATE_EXTENT","PUBLISHED","2002","EMR","SAU","Not tested/reported","","","",""
"IR_ORGANOPHOSPHATE_EXTENT","PUBLISHED","2010","EMR","SAU","Not tested/reported","","","",""
"IR_ORGANOPHOSPHATE_EXTENT","PUBLISHED","2012","EMR","SAU","Not tested/reported","","","",""
"IR_ORGANOPHOSPHATE_EXTENT","PUBLISHED","2005","AFR","SEN","Not tested/reported","","","",""
"IR_ORGANOPHOSPHATE_EXTENT","PUBLISHED","2006","AFR","SEN","Not tested/reported","","","",""
"IR_ORGANOPHOSPHATE_EXTENT","PUBLISHED","2006","AFR","SLE","Not tested/reported","","","",""
"IR_ORGANOPHOSPHATE_EXTENT","PUBLISHED","2000","WPR","SLB","Not tested/reported","","","",""
"IR_ORGANOPHOSPHATE_EXTENT","PUBLISHED","2001","AFR","ZAF","Not tested/reported","","","",""
"IR_ORGANOPHOSPHATE_EXTENT","PUBLISHED","2002","AFR","ZAF","Not tested/reported","","","",""
"IR_ORGANOPHOSPHATE_EXTENT","PUBLISHED","2003","AFR","ZAF","Not tested/reported","","","",""
"IR_ORGANOPHOSPHATE_EXTENT","PUBLISHED","2013","AFR","ZAF","Not tested/reported","","","",""
"IR_ORGANOPHOSPHATE_EXTENT","PUBLISHED","2004","AFR","SSD","Not tested/reported","","","",""
"IR_ORGANOPHOSPHATE_EXTENT","PUBLISHED","2007","AFR","SSD","Not tested/reported","","","",""
"IR_ORGANOPHOSPHATE_EXTENT","PUBLISHED","2012","AFR","SSD","Not tested/reported","","","",""
"IR_ORGANOPHOSPHATE_EXTENT","PUBLISHED","2005","SEAR","LKA","Not tested/reported","","","",""
"IR_ORGANOPHOSPHATE_EXTENT","PUBLISHED","2006","SEAR","LKA","Not tested/reported","","","",""
"IR_ORGANOPHOSPHATE_EXTENT","PUBLISHED","2002","AMR","SUR","Not tested/reported","","","",""
"IR_ORGANOPHOSPHATE_EXTENT","PUBLISHED","2010","AMR","SUR","Not tested/reported","","","",""
"IR_ORGANOPHOSPHATE_EXTENT","PUBLISHED","2007","AFR","SWZ","Not tested/reported","","","",""
"IR_ORGANOPHOSPHATE_EXTENT","PUBLISHED","2001","EUR","TJK","Not tested/reported","","","",""
"IR_ORGANOPHOSPHATE_EXTENT","PUBLISHED","2003","EUR","TJK","Not tested/reported","","","",""
"IR_ORGANOPHOSPHATE_EXTENT","PUBLISHED","2009","EUR","TJK","Not tested/reported","","","",""
"IR_ORGANOPHOSPHATE_EXTENT","PUBLISHED","2010","EUR","TJK","Not tested/reported","","","",""
"IR_ORGANOPHOSPHATE_EXTENT","PUBLISHED","2001","SEAR","THA","Not tested/reported","","","",""
"IR_ORGANOPHOSPHATE_EXTENT","PUBLISHED","2002","SEAR","TLS","Not tested/reported","","","",""
"IR_ORGANOPHOSPHATE_EXTENT","PUBLISHED","2004","SEAR","TLS","Not tested/reported","","","",""
"IR_ORGANOPHOSPHATE_EXTENT","PUBLISHED","2010","SEAR","TLS","Not tested/reported","","","",""
"IR_ORGANOPHOSPHATE_EXTENT","PUBLISHED","2012","SEAR","TLS","Not tested/reported","","","",""
"IR_ORGANOPHOSPHATE_EXTENT","PUBLISHED","2001","AFR","UGA","Not tested/reported","","","",""
"IR_ORGANOPHOSPHATE_EXTENT","PUBLISHED","2002","AFR","UGA","Not tested/reported","","","",""
"IR_ORGANOPHOSPHATE_EXTENT","PUBLISHED","2007","AFR","UGA","Not tested/reported","","","",""
"IR_ORGANOPHOSPHATE_EXTENT","PUBLISHED","2000","AFR","TZA","Not tested/reported","","","",""
"IR_ORGANOPHOSPHATE_EXTENT","PUBLISHED","2004","EUR","UZB","Not tested/reported","","","",""
"IR_ORGANOPHOSPHATE_EXTENT","PUBLISHED","2005","EUR","UZB","Not tested/reported","","","",""
"IR_ORGANOPHOSPHATE_EXTENT","PUBLISHED","2007","EUR","UZB","Not tested/reported","","","",""
"IR_ORGANOPHOSPHATE_EXTENT","PUBLISHED","2000","WPR","VUT","Not tested/reported","","","",""
"IR_ORGANOPHOSPHATE_EXTENT","PUBLISHED","2002","AMR","VEN","Not tested/reported","","","",""
"IR_ORGANOPHOSPHATE_EXTENT","PUBLISHED","2004","AMR","VEN","Not tested/reported","","","",""
"IR_ORGANOPHOSPHATE_EXTENT","PUBLISHED","2010","AMR","VEN","Not tested/reported","","","",""
"IR_ORGANOPHOSPHATE_EXTENT","PUBLISHED","2006","WPR","VNM","Not tested/reported","","","",""
"IR_ORGANOPHOSPHATE_EXTENT","PUBLISHED","2006","EMR","YEM","Not tested/reported","","","",""
"IR_ORGANOPHOSPHATE_EXTENT","PUBLISHED","2009","EMR","YEM","Not tested/reported","","","",""
"IR_ORGANOPHOSPHATE_EXTENT","PUBLISHED","2003","AFR","ZMB","Not tested/reported","","","",""
"IR_ORGANOPHOSPHATE_EXTENT","PUBLISHED","2005","AFR","ZMB","Not tested/reported","","","",""
"IR_ORGANOPHOSPHATE_EXTENT","PUBLISHED","2000","AFR","ZWE","Not tested/reported","","","",""
"IR_ORGANOPHOSPHATE_EXTENT","PUBLISHED","2002","AFR","ZWE","Not tested/reported","","","",""
"IR_ORGANOPHOSPHATE_EXTENT","PUBLISHED","2009","AFR","ZWE","Not tested/reported","","","",""
"IR_ORGANOPHOSPHATE_EXTENT","PUBLISHED","2013","SEAR","IND","Not tested/reported","","","",""
"IR_ORGANOPHOSPHATE_EXTENT","PUBLISHED","2000","SEAR","IDN","Not tested/reported","","","",""
"IR_ORGANOPHOSPHATE_EXTENT","PUBLISHED","2005","SEAR","IDN","Not tested/reported","","","",""
"IR_ORGANOPHOSPHATE_EXTENT","PUBLISHED","2007","SEAR","IDN","Not tested/reported","","","",""
"IR_ORGANOPHOSPHATE_EXTENT","PUBLISHED","2009","SEAR","IDN","Not tested/reported","","","",""
"IR_ORGANOPHOSPHATE_EXTENT","PUBLISHED","2007","AFR","KEN","Not tested/reported","","","",""
"IR_ORGANOPHOSPHATE_EXTENT","PUBLISHED","2004","EUR","KGZ","Not tested/reported","","","",""
"IR_ORGANOPHOSPHATE_EXTENT","PUBLISHED","2005","EUR","KGZ","Not tested/reported","","","",""
"IR_ORGANOPHOSPHATE_EXTENT","PUBLISHED","2006","EUR","KGZ","Not tested/reported","","","",""
"IR_ORGANOPHOSPHATE_EXTENT","PUBLISHED","2000","WPR","LAO","Not tested/reported","","","",""
"IR_ORGANOPHOSPHATE_EXTENT","PUBLISHED","2001","WPR","LAO","Not tested/reported","","","",""
"IR_ORGANOPHOSPHATE_EXTENT","PUBLISHED","2001","AFR","MWI","Not tested/reported","","","",""
"IR_ORGANOPHOSPHATE_EXTENT","PUBLISHED","2013","AFR","MWI","Not tested/reported","","","",""
"IR_ORGANOPHOSPHATE_EXTENT","PUBLISHED","2007","WPR","MYS","Not tested/reported","","","",""
"IR_ORGANOPHOSPHATE_EXTENT","PUBLISHED","2009","WPR","MYS","Not tested/reported","","","",""
"IR_ORGANOPHOSPHATE_EXTENT","PUBLISHED","2000","AFR","MLI","Not tested/reported","","","",""
"IR_ORGANOPHOSPHATE_EXTENT","PUBLISHED","2001","AMR","MEX","Not tested/reported","","","",""
"IR_ORGANOPHOSPHATE_EXTENT","PUBLISHED","2003","AMR","MEX","Not tested/reported","","","",""
"IR_ORGANOPHOSPHATE_EXTENT","PUBLISHED","2004","AMR","MEX","Not tested/reported","","","",""
"IR_ORGANOPHOSPHATE_EXTENT","PUBLISHED","2012","AMR","MEX","Not tested/reported","","","",""
"IR_ORGANOPHOSPHATE_EXTENT","PUBLISHED","2007","AFR","MOZ","Not tested/reported","","","",""
"IR_ORGANOPHOSPHATE_EXTENT","PUBLISHED","2001","SEAR","MMR","Not tested/reported","","","",""
"IR_ORGANOPHOSPHATE_EXTENT","PUBLISHED","2005","SEAR","MMR","Not tested/reported","","","",""
"IR_ORGANOPHOSPHATE_EXTENT","PUBLISHED","2008","AFR","NAM","Not tested/reported","","","",""
"IR_ORGANOPHOSPHATE_EXTENT","PUBLISHED","2004","SEAR","NPL","Not tested/reported","","","",""
"IR_ORGANOPHOSPHATE_EXTENT","PUBLISHED","2005","AMR","NIC","Not tested/reported","","","",""
"IR_ORGANOPHOSPHATE_EXTENT","PUBLISHED","2001","AFR","NER","Not tested/reported","","","",""
"IR_ORGANOPHOSPHATE_EXTENT","PUBLISHED","2011","AFR","NER","Not tested/reported","","","",""
"IR_ORGANOPHOSPHATE_EXTENT","PUBLISHED","2001","EMR","PAK","Not tested/reported","","","",""
"IR_ORGANOPHOSPHATE_EXTENT","PUBLISHED","2004","EMR","PAK","Not tested/reported","","","",""
"IR_ORGANOPHOSPHATE_EXTENT","PUBLISHED","2010","EMR","PAK","Not tested/reported","","","",""
"IR_ORGANOPHOSPHATE_EXTENT","PUBLISHED","2012","EMR","PAK","Not tested/reported","","","",""
"IR_ORGANOPHOSPHATE_EXTENT","PUBLISHED","2000","AMR","PAN","Not tested/reported","","","",""
"IR_ORGANOPHOSPHATE_EXTENT","PUBLISHED","2005","AMR","PAN","Not tested/reported","","","",""
"IR_ORGANOPHOSPHATE_EXTENT","PUBLISHED","2006","AMR","PAN","Not tested/reported","","","",""
"IR_ORGANOPHOSPHATE_EXTENT","PUBLISHED","2007","AMR","PAN","Not tested/reported","","","",""
"IR_ORGANOPHOSPHATE_EXTENT","PUBLISHED","2004","WPR","PNG","Not tested/reported","","","",""
"IR_ORGANOPHOSPHATE_EXTENT","PUBLISHED","2012","WPR","PNG","Not tested/reported","","","",""
"IR_ORGANOPHOSPHATE_EXTENT","PUBLISHED","2006","AMR","PRY","Not tested/reported","","","",""
"IR_ORGANOPHOSPHATE_EXTENT","PUBLISHED","2007","AMR","PRY","Not tested/reported","","","",""
"IR_ORGANOPHOSPHATE_EXTENT","PUBLISHED","2012","AMR","PRY","Not tested/reported","","","",""
"IR_ORGANOPHOSPHATE_EXTENT","PUBLISHED","2006","AMR","PER","Not tested/reported","","","",""
"IR_ORGANOPHOSPHATE_EXTENT","PUBLISHED","2009","AMR","PER","Not tested/reported","","","",""
"IR_ORGANOPHOSPHATE_EXTENT","PUBLISHED","2004","WPR","PHL","Not tested/reported","","","",""
"IR_ORGANOPHOSPHATE_EXTENT","PUBLISHED","2011","WPR","PHL","Not tested/reported","","","",""
"IR_ORGANOPHOSPHATE_EXTENT","PUBLISHED","2000","WPR","KOR","Not tested/reported","","","",""
"IR_ORGANOPHOSPHATE_EXTENT","PUBLISHED","2008","WPR","KOR","Not tested/reported","","","",""
"IR_ORGANOPHOSPHATE_EXTENT","PUBLISHED","2000","AFR","RWA","Not tested/reported","","","",""
"IR_ORGANOPHOSPHATE_EXTENT","PUBLISHED","2001","AFR","RWA","Not tested/reported","","","",""
"IR_ORGANOPHOSPHATE_EXTENT","PUBLISHED","2002","AFR","RWA","Not tested/reported","","","",""
"IR_ORGANOPHOSPHATE_EXTENT","PUBLISHED","2003","AFR","RWA","Not tested/reported","","","",""
"IR_ORGANOPHOSPHATE_EXTENT","PUBLISHED","2008","AFR","RWA","Not tested/reported","","","",""
"IR_ORGANOPHOSPHATE_EXTENT","PUBLISHED","2009","AFR","RWA","Not tested/reported","","","",""
"IR_ORGANOPHOSPHATE_EXTENT","PUBLISHED","2010","AFR","RWA","Not tested/reported","","","",""
"IR_ORGANOPHOSPHATE_EXTENT","PUBLISHED","2007","AFR","STP","Not tested/reported","","","",""
"IR_ORGANOPHOSPHATE_EXTENT","PUBLISHED","2008","AFR","STP","Not tested/reported","","","",""
"IR_ORGANOPHOSPHATE_EXTENT","PUBLISHED","2003","EMR","SAU","Not tested/reported","","","",""
"IR_ORGANOPHOSPHATE_EXTENT","PUBLISHED","2009","EMR","SAU","Not tested/reported","","","",""
"IR_ORGANOPHOSPHATE_EXTENT","PUBLISHED","2011","EMR","SAU","Not tested/reported","","","",""
"IR_ORGANOPHOSPHATE_EXTENT","PUBLISHED","2004","AFR","SEN","Not tested/reported","","","",""
"IR_ORGANOPHOSPHATE_EXTENT","PUBLISHED","2000","AFR","SLE","Not tested/reported","","","",""
"IR_ORGANOPHOSPHATE_EXTENT","PUBLISHED","2002","WPR","SLB","Not tested/reported","","","",""
"IR_ORGANOPHOSPHATE_EXTENT","PUBLISHED","2003","WPR","SLB","Not tested/reported","","","",""
"IR_ORGANOPHOSPHATE_EXTENT","PUBLISHED","2008","WPR","SLB","Not tested/reported","","","",""
"IR_ORGANOPHOSPHATE_EXTENT","PUBLISHED","2012","WPR","SLB","Not tested/reported","","","",""
"IR_ORGANOPHOSPHATE_EXTENT","PUBLISHED","2005","EMR","SOM","Not tested/reported","","","",""
"IR_ORGANOPHOSPHATE_EXTENT","PUBLISHED","2006","EMR","SOM","Not tested/reported","","","",""
"IR_ORGANOPHOSPHATE_EXTENT","PUBLISHED","2009","AFR","ZAF","Not tested/reported","","","",""
"IR_ORGANOPHOSPHATE_EXTENT","PUBLISHED","2012","AFR","ZAF","Not tested/reported","","","",""
"IR_ORGANOPHOSPHATE_EXTENT","PUBLISHED","2005","AFR","SSD","Not tested/reported","","","",""
"IR_ORGANOPHOSPHATE_EXTENT","PUBLISHED","2013","SEAR","LKA","Not tested/reported","","","",""
"IR_ORGANOPHOSPHATE_EXTENT","PUBLISHED","2001","EMR","SDN","Not tested/reported","","","",""
"IR_ORGANOPHOSPHATE_EXTENT","PUBLISHED","2003","AMR","SUR","Not tested/reported","","","",""
"IR_ORGANOPHOSPHATE_EXTENT","PUBLISHED","2011","AMR","SUR","Not tested/reported","","","",""
"IR_ORGANOPHOSPHATE_EXTENT","PUBLISHED","2012","AMR","SUR","Not tested/reported","","","",""
"IR_ORGANOPHOSPHATE_EXTENT","PUBLISHED","2000","EUR","TJK","Not tested/reported","","","",""
"IR_ORGANOPHOSPHATE_EXTENT","PUBLISHED","2002","EUR","TJK","Not tested/reported","","","",""
"IR_ORGANOPHOSPHATE_EXTENT","PUBLISHED","2013","EUR","TJK","Not tested/reported","","","",""
"IR_ORGANOPHOSPHATE_EXTENT","PUBLISHED","2000","SEAR","THA","Not tested/reported","","","",""
"IR_ORGANOPHOSPHATE_EXTENT","PUBLISHED","2009","SEAR","THA","Not tested/reported","","","",""
"IR_ORGANOPHOSPHATE_EXTENT","PUBLISHED","2013","SEAR","TLS","Not tested/reported","","","",""
"IR_ORGANOPHOSPHATE_EXTENT","PUBLISHED","2008","AFR","TGO","Not tested/reported","","","",""
"IR_ORGANOPHOSPHATE_EXTENT","PUBLISHED","2005","EUR","TUR","Not tested/reported","","","",""
"IR_ORGANOPHOSPHATE_EXTENT","PUBLISHED","2013","EUR","TUR","Not tested/reported","","","",""
"IR_ORGANOPHOSPHATE_EXTENT","PUBLISHED","2006","AFR","TZA","Not tested/reported","","","",""
"IR_ORGANOPHOSPHATE_EXTENT","PUBLISHED","2008","AFR","TZA","Not tested/reported","","","",""
"IR_ORGANOPHOSPHATE_EXTENT","PUBLISHED","2009","AFR","TZA","Not tested/reported","","","",""
"IR_ORGANOPHOSPHATE_EXTENT","PUBLISHED","2013","EUR","UZB","Not tested/reported","","","",""
"IR_ORGANOPHOSPHATE_EXTENT","PUBLISHED","2001","WPR","VUT","Not tested/reported","","","",""
"IR_ORGANOPHOSPHATE_EXTENT","PUBLISHED","2008","WPR","VUT","Not tested/reported","","","",""
"IR_ORGANOPHOSPHATE_EXTENT","PUBLISHED","2001","AMR","VEN","Not tested/reported","","","",""
"IR_ORGANOPHOSPHATE_EXTENT","PUBLISHED","2009","AMR","VEN","Not tested/reported","","","",""
"IR_ORGANOPHOSPHATE_EXTENT","PUBLISHED","2012","AMR","VEN","Not tested/reported","","","",""
"IR_ORGANOPHOSPHATE_EXTENT","PUBLISHED","2004","WPR","VNM","Not tested/reported","","","",""
"IR_ORGANOPHOSPHATE_EXTENT","PUBLISHED","2005","WPR","VNM","Not tested/reported","","","",""
"IR_ORGANOPHOSPHATE_EXTENT","PUBLISHED","2013","WPR","VNM","Not tested/reported","","","",""
"IR_ORGANOPHOSPHATE_EXTENT","PUBLISHED","2000","EMR","YEM","Not tested/reported","","","",""
"IR_ORGANOPHOSPHATE_EXTENT","PUBLISHED","2007","EMR","YEM","Not tested/reported","","","",""
"IR_ORGANOPHOSPHATE_EXTENT","PUBLISHED","2008","EMR","YEM","Not tested/reported","","","",""
"IR_ORGANOPHOSPHATE_EXTENT","PUBLISHED","2000","AFR","ZMB","Not tested/reported","","","",""
"IR_ORGANOPHOSPHATE_EXTENT","PUBLISHED","2002","AFR","ZMB","Not tested/reported","","","",""
"IR_ORGANOPHOSPHATE_EXTENT","PUBLISHED","2004","AFR","ZMB","Not tested/reported","","","",""
"IR_ORGANOPHOSPHATE_EXTENT","PUBLISHED","2001","AFR","ZWE","Not tested/reported","","","",""
"IR_ORGANOPHOSPHATE_EXTENT","PUBLISHED","2011","AFR","ZWE","Not tested/reported","","","",""
"IR_ORGANOPHOSPHATE_EXTENT","PUBLISHED","2014","AFR","AGO","0","0.00000","","",""
"IR_ORGANOPHOSPHATE_EXTENT","PUBLISHED","2014","AFR","BDI","0","0.00000","","",""
"IR_ORGANOPHOSPHATE_EXTENT","PUBLISHED","2014","AFR","BEN","0","0.00000","","",""
"IR_ORGANOPHOSPHATE_EXTENT","PUBLISHED","2014","AFR","CAF","0","0.00000","","",""
"IR_ORGANOPHOSPHATE_EXTENT","PUBLISHED","2014","AFR","COD","0","0.00000","","",""
"IR_ORGANOPHOSPHATE_EXTENT","PUBLISHED","2014","AFR","COG","0","0.00000","","",""
"IR_ORGANOPHOSPHATE_EXTENT","PUBLISHED","2014","AFR","ERI","0","0.00000","","",""
"IR_ORGANOPHOSPHATE_EXTENT","PUBLISHED","2014","AFR","GHA","0","0.00000","","",""
"IR_ORGANOPHOSPHATE_EXTENT","PUBLISHED","2014","AFR","GNQ","0","0.00000","","",""
"IR_ORGANOPHOSPHATE_EXTENT","PUBLISHED","2014","AFR","LBR","0","0.00000","","",""
"IR_ORGANOPHOSPHATE_EXTENT","PUBLISHED","2014","AFR","MLI","0","0.00000","","",""
"IR_ORGANOPHOSPHATE_EXTENT","PUBLISHED","2014","AFR","MOZ","0","0.00000","","",""
"IR_ORGANOPHOSPHATE_EXTENT","PUBLISHED","2014","AFR","MWI","0","0.00000","","",""
"IR_ORGANOPHOSPHATE_EXTENT","PUBLISHED","2014","AFR","RWA","0","0.00000","","",""
"IR_ORGANOPHOSPHATE_EXTENT","PUBLISHED","2014","AFR","SEN","0","0.00000","","",""
"IR_ORGANOPHOSPHATE_EXTENT","PUBLISHED","2014","AFR","TCD","0","0.00000","","",""
"IR_ORGANOPHOSPHATE_EXTENT","PUBLISHED","2014","AFR","TZA","0","0.00000","","",""
"IR_ORGANOPHOSPHATE_EXTENT","PUBLISHED","2014","AFR","ZMB","0","0.00000","","",""
"IR_ORGANOPHOSPHATE_EXTENT","PUBLISHED","2014","AMR","COL","0","0.00000","","",""
"IR_ORGANOPHOSPHATE_EXTENT","PUBLISHED","2014","AMR","DOM","0","0.00000","","",""
"IR_ORGANOPHOSPHATE_EXTENT","PUBLISHED","2014","EUR","UZB","0","0.00000","","",""
"IR_ORGANOPHOSPHATE_EXTENT","PUBLISHED","2014","SEAR","MMR","0","0.00000","","",""
"IR_ORGANOPHOSPHATE_EXTENT","PUBLISHED","2014","SEAR","NPL","0","0.00000","","",""
"IR_ORGANOPHOSPHATE_EXTENT","PUBLISHED","2014","SEAR","PRK","0","0.00000","","",""
"IR_ORGANOPHOSPHATE_EXTENT","PUBLISHED","2014","SEAR","TLS","0","0.00000","","",""
"IR_ORGANOPHOSPHATE_EXTENT","PUBLISHED","2014","AFR","KEN","4","4.34783","","",""
"IR_ORGANOPHOSPHATE_EXTENT","PUBLISHED","2014","AFR","BFA","11","11.11111","","",""
"IR_ORGANOPHOSPHATE_EXTENT","PUBLISHED","2014","EMR","AFG","40","40.00000","","",""
"IR_ORGANOPHOSPHATE_EXTENT","PUBLISHED","2014","AFR","ETH","43","42.85714","","",""
"IR_ORGANOPHOSPHATE_EXTENT","PUBLISHED","2014","EMR","SDN","70","70.00000","","",""
"IR_ORGANOPHOSPHATE_EXTENT","PUBLISHED","2014","AFR","NGA","91","90.90909","","",""
"IR_ORGANOPHOSPHATE_EXTENT","PUBLISHED","2014","SEAR","IND","100","100.00000","","",""
"IR_ORGANOPHOSPHATE_EXTENT","PUBLISHED","2015","EMR","AFG","50","50.00000","","",""
"IR_ORGANOPHOSPHATE_EXTENT","PUBLISHED","2015","AFR","AGO","0","0.00000","","",""
"IR_ORGANOPHOSPHATE_EXTENT","PUBLISHED","2015","AFR","BEN","0","0.00000","","",""
"IR_ORGANOPHOSPHATE_EXTENT","PUBLISHED","2015","AFR","CMR","0","0.00000","","",""
"IR_ORGANOPHOSPHATE_EXTENT","PUBLISHED","2015","AFR","COD","22","22.00000","","",""
"IR_ORGANOPHOSPHATE_EXTENT","PUBLISHED","2015","AMR","COL","0","0.00000","","",""
"IR_ORGANOPHOSPHATE_EXTENT","PUBLISHED","2015","AFR","GHA","24","24.00000","","",""
"IR_ORGANOPHOSPHATE_EXTENT","PUBLISHED","2015","AMR","HTI","0","0.00000","","",""
"IR_ORGANOPHOSPHATE_EXTENT","PUBLISHED","2015","SEAR","IND","100","100.00000","","",""
"IR_ORGANOPHOSPHATE_EXTENT","PUBLISHED","2015","EMR","IRN","20","20.00000","","",""
"IR_ORGANOPHOSPHATE_EXTENT","PUBLISHED","2015","AFR","MDG","0","0.00000","","",""
"IR_ORGANOPHOSPHATE_EXTENT","PUBLISHED","2015","AFR","MLI","0","0.00000","","",""
"IR_ORGANOPHOSPHATE_EXTENT","PUBLISHED","2015","AFR","MOZ","79","79.00000","","",""
"IR_ORGANOPHOSPHATE_EXTENT","PUBLISHED","2015","AFR","MWI","0","0.00000","","",""
"IR_ORGANOPHOSPHATE_EXTENT","PUBLISHED","2015","AFR","NGA","50","50.00000","","",""
"IR_ORGANOPHOSPHATE_EXTENT","PUBLISHED","2015","AMR","PER","50","50.00000","","",""
"IR_ORGANOPHOSPHATE_EXTENT","PUBLISHED","2015","WPR","PHL","33","33.00000","","",""
"IR_ORGANOPHOSPHATE_EXTENT","PUBLISHED","2015","EMR","SDN","12","12.00000","","",""
"IR_ORGANOPHOSPHATE_EXTENT","PUBLISHED","2015","AFR","SEN","50","50.00000","","",""
"IR_ORGANOPHOSPHATE_EXTENT","PUBLISHED","2015","WPR","SLB","0","0.00000","","",""
"IR_ORGANOPHOSPHATE_EXTENT","PUBLISHED","2015","SEAR","TLS","0","0.00000","","",""
"IR_ORGANOPHOSPHATE_EXTENT","PUBLISHED","2015","AFR","TZA","15","15.00000","","",""
"IR_ORGANOPHOSPHATE_EXTENT","PUBLISHED","2015","AFR","UGA","0","0.00000","","",""
